"BMXBMI"	"BMXWT"	"PROT"	"CARB"	"SUGR"	"FIBE"	"TFAT"	"SFAT"	"MFAT"	"PFAT"	"CHOL"	"ATOC"	"ATOA"	"RET"	"VARA"	"ACAR"	"BCAR"	"CRYP"	"LYCO"	"LZ"	"VB1"	"VB2"	"NIAC"	"VB6"	"FOLA"	"FA"	"FF"	"FDFE"	"CHL"	"VB12"	"B12A"	"VC"	"VD"	"VK"	"CALC"	"PHOS"	"MAGN"	"IRON"	"ZINC"	"COPP"	"SODI"	"POTA"	"SELE"	"CAFF"	"THEO"	"ALCO"	"S040"	"S060"	"S080"	"S100"	"S120"	"S140"	"S160"	"S180"	"M161"	"M181"	"M201"	"M221"	"P182"	"P183"	"P184"	"P204"	"P205"	"P225"	"P226"
1	0.935994668496413	0.0561042841046372	-0.0781252525701138	-0.00529660181500794	-0.0801370090443982	0.0875753303704554	0.134675777821161	0.0809824686776567	-0.00657947812978737	0.233567682800813	-0.0339131354818028	-0.00462352291909306	0.0424447976541895	0.0669755860561871	0.074671314633963	0.0737256837561108	-0.0826297173708885	0.0339528159694104	-0.137288050924558	-0.0653293717715299	0.0232818181619974	-0.0389746310373647	-0.107449070644546	-0.098590806109567	-0.0320110820086608	-0.122041346579173	-0.0834208960544129	0.0992992265016378	0.054117524147182	-0.0767725295613322	-0.197409173583384	-0.190718997217464	-0.198065511620411	-0.0169636137475471	0.00111368544789255	-0.0641178018884274	0.0467455980273125	0.262408923905178	0.0774274479228285	0.0134504310018974	-0.0938074787201315	0.0767967501018738	0.04445028467643	0.111285313863656	-0.036800502824361	0.0630722131571129	0.0577749606047318	0.0206672127146288	0.0372108173450855	0.0219980896176856	0.101288088584225	0.144144294775104	0.152279742588384	0.162756947419406	0.0729158842744072	-0.0019272480416472	-0.104065824846021	-0.00535314630758242	-0.0240664839480385	-0.0916520475778233	0.180946956345729	-0.0752612829081144	-0.0221685683910473	-0.0496262276196636
0.935994668496413	1	0.122610293977253	-0.00538860711256755	0.0490143286169733	-0.0283003967559129	0.172582807727595	0.21549088385742	0.161419542020181	0.0622782062556548	0.237840686498468	0.0183948740152637	-0.0128895295751956	0.0820035814155369	0.109642042024015	0.0592126580149458	0.0973095274984856	-0.114319973488397	0.0160879725219387	-0.103460694390133	-0.00165852607107039	0.0975595136815731	0.0498636008051392	0.00735005683309176	-0.0482474319646229	0.000326423937971868	-0.0749569294015123	-0.0361776527076872	0.130881815989092	0.0834592572703876	-0.0292119770532046	-0.125093213302474	-0.181691648228891	-0.127929215087765	0.0575919354033045	0.0714707696402885	-0.00274356368129918	0.109604105962776	0.342860061177953	0.120346055865119	0.0914445841604484	0.0206564193426762	0.124061732051109	0.0662948639707161	0.117914019659508	-0.0224468786645361	0.12464486067227	0.130119206662643	0.0498390685187906	0.0952667567655612	0.0282769866853832	0.174801081948786	0.225628053816254	0.23012678247682	0.216381142771898	0.152167396165159	0.0556903363012542	-0.0529633748726751	0.0638554959256104	0.0359943547802386	-0.100581188270577	0.198909358683611	-0.0948155983405556	-0.00734733600699599	-0.0863362394506188
0.0561042841046372	0.122610293977253	1	0.501317262223069	0.284628384736048	0.445985749110851	0.745590675583708	0.656412806644256	0.740174410098442	0.598759953822852	0.634652733612381	0.468317796509437	-0.0336737349453331	0.147847049457039	0.174138988592071	0.075547427712701	0.0946845435916946	0.0553404062853975	0.21166120369564	0.147662059279255	0.616735489846182	0.588056834753566	0.796367381574022	0.533150896842397	0.479106254787509	0.278861075385651	0.474529920368532	0.438796784430343	0.671493876710635	0.208457044567729	-0.11836214450155	0.167268230408319	0.147008021537592	0.267736099559721	0.465220378495501	0.835025349254614	0.587509122819648	0.667585268785508	0.67460515365179	0.246105783873347	0.775182185458727	0.642994294026264	0.877034915166068	0.0827803184036845	0.147439595371244	0.0865812274718545	0.335812213373159	0.292235864133991	0.221221411643578	0.278266738088725	0.161514332977276	0.463130937223615	0.713137918890287	0.65987198250134	0.702070942128981	0.733096984504131	0.487556858297006	0.133562497997845	0.589812881050328	0.526308933983599	0.0760832746190115	0.596676234199253	0.0656018051912141	0.349983129688644	0.134318929337465
-0.0781252525701138	-0.00538860711256755	0.501317262223069	1	0.831511901160653	0.591158098767892	0.602989092924816	0.573073474656134	0.510219653979544	0.533056166860318	0.214334981441101	0.405335273204551	-0.0643921518442579	0.179450105447813	0.167792213587549	0.0446734747413281	-0.002110046652662	-0.0171322592515131	0.290837948406549	0.118564198426237	0.694274523803379	0.527868850709819	0.491054061625007	0.358176535416551	0.536248267517596	0.412230318126792	0.437696325935916	0.523711668761818	0.293083758547484	0.0843122577128539	0.0109928605609011	0.35732957690678	-0.0207650448729521	0.226281329954353	0.543029588715389	0.636503611117408	0.546636974307117	0.641115574009552	0.389413707408522	0.25360370188904	0.60176361104734	0.566257399684596	0.503534439886857	0.117233764419615	0.321415307362419	-0.00789302828705791	0.450526219428958	0.39635181959113	0.334633284110715	0.366279981791771	0.247563668174243	0.463363042089611	0.58691243144868	0.53479101300722	0.257015193710904	0.517049999641432	0.239184225861489	-0.0663692054899824	0.533216870962595	0.489787098898902	0.0714233230999857	0.145254267767055	-0.0839794645341302	-0.0339615479059477	-0.0666827991582166
-0.00529660181500794	0.0490143286169733	0.284628384736048	0.831511901160653	1	0.282632895676994	0.450559966498782	0.502255330930468	0.350908411533918	0.301637305062049	0.134447719656834	0.208421850237454	-0.0754667572642885	0.104454464016269	0.0925405134630291	-0.00937715421383067	-0.00887334433280446	-0.0155241404170585	0.239071801401066	0.090330804135663	0.374969476992572	0.352193823018057	0.221254816258561	0.135466214700268	0.183918850042538	0.16907583536171	0.123844863547724	0.188061537422531	0.0988015330228718	0.0224411923444066	-0.000687054150139135	0.306320740872266	-0.0357729046732352	0.127261236868052	0.418233594736008	0.390073656367527	0.266427954878567	0.335271569098106	0.293461931097447	0.0921379533630508	0.298254132810673	0.32837317047227	0.263865037448839	0.170487661370559	0.368151406111686	-0.110103639328049	0.481742075181659	0.416157226084874	0.376775614212785	0.398275444860176	0.293134446409473	0.47334189988774	0.463669838245652	0.479581609282238	0.206272652337636	0.350806996463609	0.138615074224192	-0.0802044676985918	0.30366756141344	0.288474347864106	0.072997082732181	0.031120199664108	-0.117323738692968	-0.0911963549089369	-0.0863481276358538
-0.0801370090443982	-0.0283003967559129	0.445985749110851	0.591158098767892	0.282632895676994	1	0.425179176709161	0.319248139911373	0.38638260292277	0.481610391297053	0.0560900211879499	0.595960567436827	0.137665558265519	0.247571233349745	0.331895639541426	0.290239871829027	0.247542514276926	0.0678906725346807	0.25303226793092	0.269490223847058	0.620131389139726	0.44657876536012	0.421029651248437	0.446776563354856	0.669802904135706	0.355945087515126	0.697957813716785	0.603472297186828	0.217644662946629	0.150335721366208	0.132207292739753	0.338516929453055	-0.0243952851167009	0.428495380850827	0.527843396899662	0.589544059477987	0.735477011461915	0.591650871642783	0.363408916678408	0.433396218496119	0.572237596183946	0.649858372166382	0.379849831218402	-0.0644250835952916	0.103602151562895	-0.0885670822398133	0.23025956745622	0.243948785143242	0.197175992243454	0.228286619551151	0.165391869326139	0.247540178995932	0.339181254420533	0.249682134340053	0.0820673983769241	0.400298948102171	0.175792047560328	-0.0623456653144974	0.483178038467328	0.484966003150107	-0.0922831299999006	0.0225842171276651	-0.0764293008131829	-0.104623684285109	-0.0883596412370502
0.0875753303704554	0.172582807727595	0.745590675583708	0.602989092924816	0.450559966498782	0.425179176709161	1	0.911691725456532	0.964209510614411	0.83624480187984	0.584478842443676	0.564106936605568	-0.0690799376639364	0.12853121138943	0.099508951826298	-0.028376940181135	-0.0487479215146952	-0.0513838346589803	0.205391141299656	0.0346766259705968	0.550662432219543	0.557919510519377	0.613783110829005	0.380980741286005	0.36522866190577	0.197981131203988	0.376045235243998	0.329808725918533	0.559580163958989	0.0946285363701031	-0.0586258169798863	0.176248054812184	0.0553215056624667	0.164950942373457	0.506702816748712	0.754839213946854	0.545268977540989	0.492639755752647	0.503040591988754	0.180418709202131	0.717809463970575	0.620053032434575	0.677850979447723	0.18345872445624	0.332453499355443	0.00127407561053708	0.548318118723023	0.497639893008654	0.441195183408112	0.488034912003604	0.35090760199302	0.653903038208635	0.949376180363845	0.891057731630223	0.723695153699976	0.961744375020715	0.736851760678839	0.197346766725318	0.836034742709438	0.67804825512603	0.136186178110752	0.563499936717475	-0.0777046580357184	0.180802853383613	0.01521061835272
0.134675777821161	0.21549088385742	0.656412806644256	0.573073474656134	0.502255330930468	0.319248139911373	0.911691725456532	1	0.82783280639144	0.586221674662365	0.525418023748432	0.374609145953145	-0.0922893011728111	0.156133846468637	0.117682721749578	-0.0759627411424248	-0.063772206156318	-0.0140961366371485	0.228296692512708	0.0061802187019988	0.478135427095317	0.552293907699782	0.489272016418488	0.28205500970504	0.292842575295219	0.189677557106149	0.272486203052369	0.274316426599323	0.471274198427818	0.102628613879726	-0.0147677630016053	0.142590449363934	0.116447628834154	0.0602578359787567	0.612628153120771	0.717174467874798	0.442895710807752	0.426544295902724	0.530891701793236	0.140793656809845	0.63306406678098	0.533138836093505	0.602395520713181	0.221020525660282	0.395402254906834	-0.0254838736880377	0.753328708190874	0.709225320951448	0.65378398413467	0.715623916997672	0.515619644538802	0.878283154491548	0.965013573067378	0.950435234851495	0.707094019633178	0.814944452294287	0.567704334905918	0.171488564623702	0.584211143588896	0.479593943985728	0.191715426863174	0.450796993238497	-0.0614840573755802	0.152898319539482	-0.0012747221362263
0.0809824686776567	0.161419542020181	0.740174410098442	0.510219653979544	0.350908411533918	0.38638260292277	0.964209510614411	0.82783280639144	1	0.791598101900612	0.588863710711323	0.566392899770281	-0.059974415427334	0.0976062590559407	0.0814968384353371	0.0058615557885911	-0.0222214249379707	-0.0741384145746265	0.147851101387762	0.0487776961799769	0.497504001564613	0.504825280699535	0.63197118830387	0.42167296950706	0.339055033153349	0.165794805193318	0.366276859788151	0.300531491422616	0.585388688342873	0.0980784754252014	-0.0423926288047393	0.1766182295884	0.0186312820957732	0.158621349070368	0.386583785751066	0.691592062528332	0.541834391191527	0.441581166713134	0.494121855281183	0.174328784540118	0.689625571258764	0.611332535166428	0.651671089881846	0.166907614686105	0.277895798821834	0.0396494861790444	0.418408029366287	0.358925420480983	0.294421315960078	0.345795103655196	0.222601994884518	0.521558079528371	0.894050117875173	0.837480876017929	0.764187151178257	0.998574344384735	0.780661569173951	0.228812866570597	0.79445439819082	0.602158006408337	0.0874339806731955	0.59617968851412	-0.0964371221835052	0.186766378727064	-0.00545680959619126
-0.00657947812978737	0.0622782062556548	0.598759953822852	0.533056166860318	0.301637305062049	0.481610391297053	0.83624480187984	0.586221674662365	0.791598101900612	1	0.445228961063614	0.651020342551319	-0.00646388209849793	0.106341805049463	0.0896079290235738	0.0301433313817896	-0.0269679345406563	-0.0811655563949233	0.130750039651738	0.0167056410679142	0.542313964239319	0.457195725529219	0.546022705609704	0.338152860914723	0.388810688773087	0.197505567278203	0.412758952526161	0.34695517276812	0.445599157457316	0.0546075179768232	-0.101750877160237	0.164116200860265	0.00803796942860018	0.260355089323935	0.34313857418556	0.625870746189813	0.506798071659915	0.473439781445312	0.27157461179003	0.198695829617196	0.636244539398989	0.553058623019541	0.569699369736341	0.102498408595071	0.179392202472466	-0.014109947362861	0.245258415904767	0.209096439440064	0.182409831922271	0.186657647235391	0.167356452922812	0.278028936432189	0.679886412396071	0.570635243354	0.443247908573341	0.804094483941791	0.676921015023407	0.143556276615782	0.997811362589873	0.866773409962209	0.0858132787496535	0.491706094720697	-0.0598030602702004	0.129551786137837	0.0431326260292123
0.233567682800813	0.237840686498468	0.634652733612381	0.214334981441101	0.134447719656834	0.0560900211879499	0.584478842443676	0.525418023748432	0.588863710711323	0.445228961063614	1	0.291641854550121	-0.115223730793889	0.23377172289327	0.161650028686493	-0.130974814311854	-0.138881866722783	0.0203622829201828	0.288800336921581	0.0180978902978958	0.208486946632705	0.352714271879007	0.365867444698438	0.165270805984284	0.105180027850392	-0.0330486128737357	0.193615414409322	0.0662916753451745	0.806288742479979	0.257704625099501	-0.270560116013676	0.0152773998680882	0.137546624503919	-0.00294588885744552	0.127266681683556	0.51662209453475	0.182193123012894	0.304663848605167	0.362359899969774	0.181080705807612	0.492265633465802	0.284779177522827	0.643199611930839	0.0308579881202641	0.112589249961779	0.0421109568216225	0.231575764604964	0.209558276660596	0.12190074929373	0.159886964613817	0.0611671179360202	0.285560402788231	0.609340738232918	0.559880198798438	0.596373836734919	0.581973807957044	0.482315200727726	0.142241614948984	0.427772581154265	0.358482436150585	0.0949511169612222	0.921030856634008	0.086063777695644	0.386845774751479	0.273382571589899
-0.0339131354818028	0.0183948740152637	0.468317796509437	0.405335273204551	0.208421850237454	0.595960567436827	0.564106936605568	0.374609145953145	0.566392899770281	0.651020342551319	0.291641854550121	1	0.555473705862033	0.172387425519906	0.265578025363307	0.143471657452465	0.291510209258701	-0.0035681703918616	0.219069633731008	0.198653173126298	0.473434959856181	0.416518927468147	0.446945005908679	0.44382322967953	0.424284376890451	0.265275403135189	0.404549042073787	0.394278391796809	0.335836797469901	0.0974835676631021	0.183624161160731	0.321981363100959	0.122899696954301	0.336964942463771	0.380151856436113	0.561080686056196	0.620280297673291	0.461022057441585	0.209574920683687	0.234025686155797	0.520874329926182	0.600731690339768	0.443336862378284	0.0429244957729325	0.153592882290126	-0.0650217091683084	0.195643875195964	0.200970996318454	0.167523030970624	0.179037434257536	0.17279133777847	0.182201273048795	0.428633192618498	0.315093732793	0.185166031218407	0.584671560922523	0.490485766310422	0.119880615905164	0.660234435071777	0.480443913811925	-0.0458054289532016	0.293995008000506	0.0662384447447031	0.139576341709947	0.116282245550407
-0.00462352291909306	-0.0128895295751956	-0.0336737349453331	-0.0643921518442579	-0.0754667572642885	0.137665558265519	-0.0690799376639364	-0.0922893011728111	-0.059974415427334	-0.00646388209849793	-0.115223730793889	0.555473705862033	1	0.100440181846347	0.220257094797238	0.117735472365293	0.363226183240264	-0.0529883831516546	-0.0695275656816953	0.0235475997170055	0.0917866371215094	0.0789765009371947	0.00621707248510829	0.171480982747144	0.114928434359455	0.220698585903559	-0.0302788390640171	0.153590145252893	-0.0776072292391024	0.0103902835964259	0.373543819842084	0.0914786057383761	0.100451168387832	0.00898563318276517	0.147264173307545	0.0896481440433858	0.167201051039779	0.0915564474807034	-0.0339642259490814	0.0097078226325034	-0.0190686431023768	0.0629117191911543	-0.0343932532758	-0.0303468509078955	-0.0623789940234395	-0.0279485690835213	-0.0466134109404108	-0.0542839940462745	-0.00988649447480843	-0.0326133018623856	0.0252844108456922	-0.0566622867577455	-0.102083295835954	-0.123553029086187	-0.113943716630941	-0.0512748296322637	-0.0373791361605903	0.00411673628838989	0.00831587395488335	-0.0601406856796683	-0.0923687771509639	-0.100640066257425	-0.0605051286445024	-0.0572025474429144	-0.0422879941275062
0.0424447976541895	0.0820035814155369	0.147847049457039	0.179450105447813	0.104454464016269	0.247571233349745	0.12853121138943	0.156133846468637	0.0976062590559407	0.106341805049463	0.23377172289327	0.172387425519906	0.100440181846347	1	0.924477993196643	-0.00759883880750069	0.00130878987361894	-0.0289640781170113	0.102346922995838	-0.0486415657179329	0.209896691609904	0.454666206295433	0.166198066640525	0.173763462937167	0.343068290407487	0.171085417265334	0.369034907049428	0.306294740193632	0.262877569972958	0.905365902677786	0.0709643793876228	-0.0253923615997929	0.132486481898936	-0.0187617453286611	0.213084413667857	0.255713114382477	0.233119024954177	0.270261899349046	0.180723120127012	0.885699273783906	0.0787959032462199	0.203633662117832	0.12250073002291	0.0799447257563131	0.0632706448689246	-0.0709350069880439	0.240030850630764	0.230007452630658	0.155296390343888	0.202680809480146	0.077415124276653	0.179441176923579	0.133507395665423	0.122806662355385	0.0171227911496552	0.100981879414543	0.0207040577990343	-0.0240285774127326	0.0951524394087214	0.149216893084893	-0.0420466082608012	0.22615953553149	-0.0689557003712222	-0.0739291189918855	-0.0325700774583639
0.0669755860561871	0.109642042024015	0.174138988592071	0.167792213587549	0.0925405134630291	0.331895639541426	0.099508951826298	0.117682721749578	0.0814968384353371	0.0896079290235738	0.161650028686493	0.265578025363307	0.220257094797238	0.924477993196643	1	0.285784175792829	0.378769966708078	-0.00215041807494493	0.0734265131882169	0.0990564573061963	0.228972046446287	0.438056123243219	0.213747919425186	0.239576549309814	0.368534431155871	0.172139138682533	0.40795102906497	0.325197898261961	0.238089298182173	0.828331710709495	0.12585673989066	0.0506412397994929	0.1350394639033	0.130811547322888	0.257125526972124	0.281165480113464	0.328807560524622	0.28076175199881	0.204194357823783	0.850623387761427	0.117924742097294	0.286822735586782	0.12198244524633	0.0366333895546724	0.0798626106803237	-0.0689115029616351	0.223828984788004	0.213381826876486	0.14641473869251	0.185784461051308	0.090532054759009	0.142971779634573	0.0926953983471175	0.0782120315841424	0.00317095499266881	0.0834601961367135	-0.00277615502485049	-0.0434004645263033	0.0788121001462897	0.159401223384195	-0.0601454103632371	0.130053239958882	-0.0679578162247744	-0.111183700509621	-0.0509048492242286
0.074671314633963	0.0592126580149458	0.075547427712701	0.0446734747413281	-0.00937715421383067	0.290239871829027	-0.028376940181135	-0.0759627411424248	0.0058615557885911	0.0301433313817896	-0.130974814311854	0.143471657452465	0.117735472365293	-0.00759883880750069	0.285784175792829	1	0.681949187780642	-0.00435775284354318	-0.0883452632746016	0.126704610802185	0.0803058403614366	-0.00595857700472871	0.167580854600589	0.176111671488882	0.104728293497159	-0.0257750456067386	0.186677277674894	0.068438609501072	-0.0131646470121827	-0.0356940132619729	0.0985303492718903	0.0916783179051837	-0.0802538291011798	0.166283013146631	0.0875160044848152	0.0918228257449736	0.271412840482145	0.0726774636559394	0.0672268551569651	0.101772506538523	0.148089677802971	0.201564203909347	-0.0113837018200758	-0.0989446783628196	-0.0254781587456863	-0.00458356347494791	-0.0234029157520795	-0.0303902232707088	-0.0234196019415499	-0.032283964540588	0.00865531735155319	-0.092134679457331	-0.0669811604537403	-0.0973545347951279	-0.0162864277019815	0.00212404999465622	-0.08226946809878	-0.0836411338425737	0.0326620908885388	0.0880461501699039	-0.125619596761723	-0.186855146116619	-0.0894737303991094	-0.17614612722443	-0.125925263204186
0.0737256837561108	0.0973095274984856	0.0946845435916946	-0.002110046652662	-0.00887334433280446	0.247542514276926	-0.0487479215146952	-0.063772206156318	-0.0222214249379707	-0.0269679345406563	-0.138881866722783	0.291510209258701	0.363226183240264	0.00130878987361894	0.378769966708078	0.681949187780642	1	0.011101471815165	-0.0562084453843998	0.405085656319251	0.0926214187727251	0.0591376643432642	0.146183839723802	0.2076859987416	0.137309873592314	0.0501992495009832	0.166484084048364	0.116470893542048	-0.00912561259831795	-0.0176214063618745	0.165678653275071	0.204701255885377	0.0581575641143577	0.416573429169692	0.162993173695098	0.115438864319034	0.287804012601084	0.0824697595894645	0.0995851546033685	0.0741047523582888	0.104860132169613	0.260021405123214	0.0266498180648187	-0.0869461684545258	0.072684230558264	-0.00507430273498376	0.0082158706767152	0.00473037859722853	0.0113091810323927	-0.000845591740559668	0.0522688178167813	-0.0512908122119033	-0.0771163391059223	-0.0843373282838013	-0.0353115287134699	-0.0246913182214445	-0.0433491506430638	-0.0429231782134555	-0.0289747504305255	0.0518580546385084	-0.0389750494839683	-0.1953905528756	0.0069484218826115	-0.0865545472554755	-0.0352310188251828
-0.0826297173708885	-0.114319973488397	0.0553404062853975	-0.0171322592515131	-0.0155241404170585	0.0678906725346807	-0.0513838346589803	-0.0140961366371485	-0.0741384145746265	-0.0811655563949233	0.0203622829201828	-0.0035681703918616	-0.0529883831516546	-0.0289640781170113	-0.00215041807494493	-0.00435775284354318	0.011101471815165	1	0.173802881274058	0.0625049650961086	-0.0580523132746619	-0.0850345228798996	0.0154589438315426	-0.0826966681268285	-0.0626474238506823	-0.0503952000572472	-0.0495533746471369	-0.0625761802982668	-0.0509264844060115	-0.0500658765321226	-0.0696941421214546	0.0148574036258188	-0.0687147009295544	-0.0488229629582697	0.0122378463149535	0.01587161716977	-0.0192678029961543	-0.0584822841049904	-0.0113225924430749	-0.00841109302620927	0.0224486090245738	-0.0630995822320427	0.0394355334792077	-0.111360686371466	-0.0509484521839346	-0.0611642563361598	0.0349919856625422	0.05310550031924	0.0266981989723737	0.0343245471114165	0.0501445869174989	0.0146158713956115	-0.0219009436721423	-0.0358966981520041	0.0149354670342649	-0.0789142321546291	-0.0894507324560183	-0.0626322250493851	-0.0784402077476833	-0.0801193301258208	-0.00535936257844592	-0.0835124989637797	-0.0170119957344109	-0.0995147067086851	-0.0223894266314004
0.0339528159694104	0.0160879725219387	0.21166120369564	0.290837948406549	0.239071801401066	0.25303226793092	0.205391141299656	0.228296692512708	0.147851101387762	0.130750039651738	0.288800336921581	0.219069633731008	-0.0695275656816953	0.102346922995838	0.0734265131882169	-0.0883452632746016	-0.0562084453843998	0.173802881274058	1	0.0428899548723529	0.29919547101051	0.127206178443595	0.0794839864573556	0.0105237782332754	0.154868006104434	0.199886074494806	0.0502664711999338	0.176521155437982	0.126826878490692	0.10143670915136	-0.0586094866809973	0.134751114467594	-0.0914111671395944	0.0626040265938857	0.198383443599848	0.213816772024116	0.0953843961593181	0.247590223271192	0.178539481448086	0.106328451710805	0.285176369759781	0.137786685533608	0.378906751722495	-0.072164456902146	0.0910968971405925	-0.176664451462522	0.175241011874953	0.154846651890432	0.0880639445838989	0.121235228995615	0.0423351779238243	0.192300341277232	0.247629102986208	0.234186652571743	0.0950591554044974	0.145340964417778	0.0573666754355388	-0.0994324292974133	0.125449356427941	0.157939044731991	-0.00468650059320625	0.237466593105077	-0.059617666292733	-0.0126938876066281	-0.0476306793477291
-0.137288050924558	-0.103460694390133	0.147662059279255	0.118564198426237	0.090330804135663	0.269490223847058	0.0346766259705968	0.0061802187019988	0.0487776961799769	0.0167056410679142	0.0180978902978958	0.198653173126298	0.0235475997170055	-0.0486415657179329	0.0990564573061963	0.126704610802185	0.405085656319251	0.0625049650961086	0.0428899548723529	1	0.102514728217217	0.109989410700206	0.12667190736788	0.209171235310435	0.169971867451137	-0.0162693475106264	0.278911797477726	0.119614171130528	0.146980302231426	0.0101984753611593	0.00365056319355301	0.192001005289755	0.222022231711176	0.843493769128969	0.125957794697851	0.148965565575909	0.282308081861468	0.131671513244293	0.103329785760804	0.0704317478151619	0.166548154491649	0.246692061487791	0.12651968256351	-0.097439160337576	0.168797728196446	0.0818266159591424	-0.0278884751289863	-0.0025817705987089	0.0715483440209847	0.03354747976636	0.115968537963287	0.0287755032881022	-0.00687580892320356	-0.0116601942183003	0.0843197155404039	0.0472802376004125	0.133734852118017	0.0207956124731779	0.00483158757462292	0.0897541746962375	0.193066186994908	-0.0420381251074394	0.216868839042386	0.188421557222975	0.236013579876487
-0.0653293717715299	-0.00165852607107039	0.616735489846182	0.694274523803379	0.374969476992572	0.620131389139726	0.550662432219543	0.478135427095317	0.497504001564613	0.542313964239319	0.208486946632705	0.473434959856181	0.0917866371215094	0.209896691609904	0.228972046446287	0.0803058403614366	0.0926214187727251	-0.0580523132746619	0.29919547101051	0.102514728217217	1	0.661469356208719	0.667164248659809	0.547902506702368	0.733459764434424	0.672115348848212	0.495551326115011	0.750595131310962	0.289243123839023	0.133176308075971	0.188894186065748	0.217334103323197	0.0842072534442715	0.249324756925094	0.571542909960971	0.686635317577236	0.566118295741039	0.793182211943157	0.472935170405556	0.276806429381216	0.663453302530722	0.578678940735654	0.675885782395879	0.124747358632018	0.12178108551313	-0.0486122791144585	0.376385445037582	0.357253773280793	0.248266108663823	0.322013081640984	0.130078813827414	0.373606462764153	0.504792575194168	0.445514770494037	0.275187486766059	0.505160436635689	0.297103805585691	0.00954017925304576	0.544467341695534	0.501652029901519	-0.0154267474647522	0.210668650678923	-0.106121321719966	-0.0162694079864674	-0.102776528448539
0.0232818181619974	0.0975595136815731	0.588056834753566	0.527868850709819	0.352193823018057	0.44657876536012	0.557919510519377	0.552293907699782	0.504825280699535	0.457195725529219	0.352714271879007	0.416518927468147	0.0789765009371947	0.454666206295433	0.438056123243219	-0.00595857700472871	0.0591376643432642	-0.0850345228798996	0.127206178443595	0.109989410700206	0.661469356208719	1	0.645183034569246	0.584200734191614	0.614480768633174	0.433189511104942	0.538734569337168	0.587537711477895	0.497569729180957	0.357253624502017	0.228171826118107	0.0815699058063273	0.242890870586915	0.178757426124498	0.633030911539853	0.761205083520922	0.637199657568424	0.651934291272451	0.490574583895664	0.411288638058919	0.469217355805069	0.650338024619554	0.542228581603698	0.479964185016457	0.150388870776084	0.121716354642994	0.555965156155915	0.549324271755104	0.395541527972299	0.505600604785967	0.200704473605773	0.504566722170915	0.546568269498867	0.466399801322676	0.321805557446922	0.508991843547387	0.251635912585615	0.0407720476110252	0.46357948338034	0.363448223333809	0.0254774251858389	0.272815377627412	-0.13748124001244	-0.0155498865136556	-0.0882991063270453
-0.0389746310373647	0.0498636008051392	0.796367381574022	0.491054061625007	0.221254816258561	0.421029651248437	0.613783110829005	0.489272016418488	0.63197118830387	0.546022705609704	0.365867444698438	0.446945005908679	0.00621707248510829	0.166198066640525	0.213747919425186	0.167580854600589	0.146183839723802	0.0154589438315426	0.0794839864573556	0.12667190736788	0.667164248659809	0.645183034569246	1	0.762584805928903	0.58462803252996	0.374520024746445	0.54638989470405	0.546756026303125	0.564181668380296	0.200321451349785	0.160485492474982	0.166896946105197	0.0490600113058556	0.217540328723458	0.380595992088016	0.731788782638314	0.674305811780379	0.71075705302586	0.494869658521996	0.250353539109427	0.611985986666697	0.651448952220902	0.710461876358885	0.177990974076964	0.141334984683179	0.255955603928084	0.227716985975074	0.217224824776945	0.168531403560195	0.205547368139026	0.11536915104666	0.298444148321376	0.544720263532611	0.478489506676692	0.494587103443812	0.633428532587867	0.456933981627976	0.0501122246343204	0.552312267365178	0.407188687955203	-0.00660672297711596	0.370444923460527	-0.0824953926160236	0.116554234128061	-0.0375147587087409
-0.107449070644546	0.00735005683309176	0.533150896842397	0.358176535416551	0.135466214700268	0.446776563354856	0.380980741286005	0.28205500970504	0.42167296950706	0.338152860914723	0.165270805984284	0.44382322967953	0.171480982747144	0.173763462937167	0.239576549309814	0.176111671488882	0.2076859987416	-0.0826966681268285	0.0105237782332754	0.209171235310435	0.547902506702368	0.584200734191614	0.762584805928903	1	0.642053365190956	0.47774838182354	0.53843774375041	0.622001395221472	0.438191667645933	0.230087763093112	0.555497190592067	0.334991129287422	0.138629772908396	0.271253788101942	0.36506188279873	0.567602885063933	0.607410501193497	0.61031002938372	0.394909563929479	0.224059171902028	0.425556005663647	0.681200715134971	0.423872858044759	0.0506664948728907	0.0823493309658614	0.247301186828924	0.160210250303672	0.186044781335067	0.114889774208548	0.160093887832187	0.0433640386008253	0.177784070421136	0.324003343123071	0.248840407631832	0.246133791267445	0.426309606018718	0.264078835654414	0.011665400405063	0.345669422534614	0.249833232280332	-0.128288203669441	0.167037568286788	-0.0959571012540148	0.0647399063384121	-0.0775918103871193
-0.098590806109567	-0.0482474319646229	0.479106254787509	0.536248267517596	0.183918850042538	0.669802904135706	0.36522866190577	0.292842575295219	0.339055033153349	0.388810688773087	0.105180027850392	0.424284376890451	0.114928434359455	0.343068290407487	0.368534431155871	0.104728293497159	0.137309873592314	-0.0626474238506823	0.154868006104434	0.169971867451137	0.733459764434424	0.614480768633174	0.58462803252996	0.642053365190956	1	0.780458726529742	0.804876060999617	0.980231842677446	0.363139463859597	0.321665944511732	0.349886415990988	0.219791470961951	0.0818809841559771	0.264873150327191	0.460236902646145	0.602435074651535	0.668815773595658	0.713569558695557	0.367655900418439	0.45287555285076	0.462058210875182	0.567825134818553	0.480802576529391	0.102652994377333	0.0592577642606688	0.23284418702563	0.201389911032417	0.210796837662161	0.152855430786277	0.198482843309411	0.0890634451932085	0.227379174000145	0.329582640054824	0.223815005126156	0.124855282749918	0.347737541706829	0.181092340719484	-0.0150783922197551	0.391827187891533	0.34589209602612	-0.0794387971316672	0.0836019152680672	-0.0169917543123675	-0.00893334335435945	-0.0412116207795149
-0.0320110820086608	0.000326423937971868	0.278861075385651	0.412230318126792	0.16907583536171	0.355945087515126	0.197981131203988	0.189677557106149	0.165794805193318	0.197505567278203	-0.0330486128737357	0.265275403135189	0.220698585903559	0.171085417265334	0.172139138682533	-0.0257750456067386	0.0501992495009832	-0.0503952000572472	0.199886074494806	-0.0162693475106264	0.672115348848212	0.433189511104942	0.374520024746445	0.47774838182354	0.780458726529742	1	0.25718670258105	0.888696486211086	-0.00277089503037013	0.157313051049624	0.552729084899104	0.0734626608647959	0.0521718985351734	0.0170680371764633	0.34574055386488	0.355586210267745	0.27518374749758	0.595305391848089	0.299121186154919	0.172152223062305	0.294010470430132	0.227321872227474	0.389234522504379	0.0808951716763431	-0.0109194415644659	-0.08922547095216	0.167388068584056	0.167071800019108	0.0921931843309692	0.147671419371217	0.0174056938854481	0.164999096037003	0.214879665924627	0.1451985773663	0.036711715391156	0.171040091357858	0.0451082232064763	-0.0206371645152723	0.207057554336849	0.136392466738438	0.00228884020430707	-0.0360908164848624	-0.0683669472534929	-0.0585317234812837	-0.135764432846686
-0.122041346579173	-0.0749569294015123	0.474529920368532	0.437696325935916	0.123844863547724	0.697957813716785	0.376045235243998	0.272486203052369	0.366276859788151	0.412758952526161	0.193615414409322	0.404549042073787	-0.0302788390640171	0.369034907049428	0.40795102906497	0.186677277674894	0.166484084048364	-0.0495533746471369	0.0502664711999338	0.278911797477726	0.495551326115011	0.538734569337168	0.54638989470405	0.53843774375041	0.804876060999617	0.25718670258105	1	0.671608399471366	0.563495248267511	0.348736153285763	0.016395967363802	0.271380029266071	0.0768498927875534	0.393665695721858	0.3836838133811	0.593410721598832	0.772761307368066	0.536999193360015	0.283557869118359	0.53762623540942	0.434988932259455	0.661949216476236	0.37279223304352	0.081136752879502	0.100836834674193	0.44427532005803	0.153732516120825	0.168146167523507	0.149870915070344	0.167492658945621	0.121893365553849	0.195641859589329	0.304858027708479	0.207781868332353	0.156753377364682	0.37478469666345	0.23643365646394	-0.0034145327547313	0.408319855877632	0.405028868014163	-0.124754003936325	0.163371882248646	0.0374210812558041	0.0408185277538547	0.0639442602739084
-0.0834208960544129	-0.0361776527076872	0.438796784430343	0.523711668761818	0.188061537422531	0.603472297186828	0.329808725918533	0.274316426599323	0.300531491422616	0.34695517276812	0.0662916753451745	0.394278391796809	0.153590145252893	0.306294740193632	0.325197898261961	0.068438609501072	0.116470893542048	-0.0625761802982668	0.176521155437982	0.119614171130528	0.750595131310962	0.587537711477895	0.546756026303125	0.622001395221472	0.980231842677446	0.888696486211086	0.671608399471366	1	0.265516121835259	0.286406315912154	0.431420294804325	0.185055148631498	0.0769804549932707	0.19967943850933	0.446603924470976	0.553709064788234	0.57720391837778	0.71125422568857	0.363722341327771	0.387065581597186	0.431665724179647	0.488355494060096	0.475289730794947	0.100837993671735	0.0397236793681468	0.142452893846121	0.200729695826934	0.207535898246201	0.141560135027695	0.192334978062853	0.0711750634027144	0.218846891399849	0.309049842546226	0.209606431119328	0.10238871633388	0.308573235761359	0.146766380284735	-0.0174549510273408	0.352113423501356	0.296481574217477	-0.0571948436408916	0.0500196246904717	-0.033701100780538	-0.0246151242102657	-0.0728370891519289
0.0992992265016378	0.130881815989092	0.671493876710635	0.293083758547484	0.0988015330228718	0.217644662946629	0.559580163958989	0.471274198427818	0.585388688342873	0.445599157457316	0.806288742479979	0.335836797469901	-0.0776072292391024	0.262877569972958	0.238089298182173	-0.0131646470121827	-0.00912561259831795	-0.0509264844060115	0.126826878490692	0.146980302231426	0.289243123839023	0.497569729180957	0.564181668380296	0.438191667645933	0.363139463859597	-0.00277089503037013	0.563495248267511	0.265516121835259	1	0.322805163974469	-0.189414345085423	0.0868416785261439	0.183949378854608	0.15710930195295	0.226437957329055	0.654481618167042	0.507659396400712	0.421323226473986	0.392422426606543	0.288536711965596	0.527479146700459	0.544993776887918	0.596096007283998	0.104308408720858	0.122921153434878	0.466474144074744	0.195471082289318	0.174283526950749	0.100552045566665	0.144228694677289	0.0416056446278937	0.256782649229319	0.550839153620817	0.490316955494769	0.539192011984203	0.581785160087433	0.44562820763578	0.122453397924317	0.42908374963381	0.380077136871293	0.0398820778385189	0.747145151707994	0.115620950124684	0.384176968527031	0.277520443019076
0.054117524147182	0.0834592572703876	0.208457044567729	0.0843122577128539	0.0224411923444066	0.150335721366208	0.0946285363701031	0.102628613879726	0.0980784754252014	0.0546075179768232	0.257704625099501	0.0974835676631021	0.0103902835964259	0.905365902677786	0.828331710709495	-0.0356940132619729	-0.0176214063618745	-0.0500658765321226	0.10143670915136	0.0101984753611593	0.133176308075971	0.357253624502017	0.200321451349785	0.230087763093112	0.321665944511732	0.157313051049624	0.348736153285763	0.286406315912154	0.322805163974469	1	0.131707882848104	0.00218216782556804	0.156653756441226	0.0106852651330316	0.0788761340610252	0.21157775451509	0.171034006919047	0.213623760254015	0.240293181854567	0.872751839906132	0.0657192383383623	0.172923702305826	0.174924473133239	-0.000190275094278762	0.0814028696842766	0.00463076195862932	0.101788714931038	0.0798440677094895	0.0279534632026488	0.0535546255753885	-0.00615057282334584	0.104875295495542	0.0963071074166616	0.123091508104648	0.0870656682304189	0.0970129475743156	0.0238246151111691	-0.0251363148565889	0.0342990838511103	0.141835845877222	0.0450371730615974	0.271126294255611	0.0843349200202225	0.0856098435452727	0.113890989961587
-0.0767725295613322	-0.0292119770532046	-0.11836214450155	0.0109928605609011	-0.000687054150139135	0.132207292739753	-0.0586258169798863	-0.0147677630016053	-0.0423926288047393	-0.101750877160237	-0.270560116013676	0.183624161160731	0.373543819842084	0.0709643793876228	0.12585673989066	0.0985303492718903	0.165678653275071	-0.0696941421214546	-0.0586094866809973	0.00365056319355301	0.188894186065748	0.228171826118107	0.160485492474982	0.555497190592067	0.349886415990988	0.552729084899104	0.016395967363802	0.431420294804325	-0.189414345085423	0.131707882848104	1	0.118525382496021	0.141051791053664	-0.0722761014820429	0.184776303875207	0.0464060158948011	0.0809754988687386	0.181826689331588	0.0134289791487909	-0.0092361161239547	-0.0577118638817013	0.110076093776518	-0.117103444587397	0.0154048166084284	0.0868886444643343	-0.0853910870253546	0.0833641593822429	0.135809218541373	0.0698629087867517	0.114603428062716	-0.00640021739865487	0.0511526858872364	-0.0369517533036795	-0.0557116748534296	-0.171026364247711	-0.0389960026473758	-0.0889931701654785	-0.0463086911330362	-0.0870167487256014	-0.137636803680259	-0.0774631865998384	-0.264661697270315	-0.105337513457555	-0.145878595154102	-0.148345904984525
-0.197409173583384	-0.125093213302474	0.167268230408319	0.35732957690678	0.306320740872266	0.338516929453055	0.176248054812184	0.142590449363934	0.1766182295884	0.164116200860265	0.0152773998680882	0.321981363100959	0.0914786057383761	-0.0253923615997929	0.0506412397994929	0.0916783179051837	0.204701255885377	0.0148574036258188	0.134751114467594	0.192001005289755	0.217334103323197	0.0815699058063273	0.166896946105197	0.334991129287422	0.219791470961951	0.0734626608647959	0.271380029266071	0.185055148631498	0.0868416785261439	0.00218216782556804	0.118525382496021	1	-0.0186022508283671	0.269985272464674	0.214342489813559	0.20340835781397	0.326813066033805	0.150552521360503	0.196161748251888	0.116644742168684	0.180627120654369	0.505320172290981	0.107436522732402	-0.168799058534515	0.119678139725316	-0.0195017152852586	0.137726109767575	0.160827024187546	0.126249976910935	0.124483420655675	0.111950862976229	0.130759760681688	0.138547730157126	0.111005685755698	0.022122388450734	0.183125401336524	0.124866746378283	-0.0557929354045863	0.163370160449445	0.182568564706025	0.00400718609832324	-0.00999752509929725	-0.00247872433734437	-0.00843726606180834	-0.0452548205680934
-0.190718997217464	-0.181691648228891	0.147008021537592	-0.0207650448729521	-0.0357729046732352	-0.0243952851167009	0.0553215056624667	0.116447628834154	0.0186312820957732	0.00803796942860018	0.137546624503919	0.122899696954301	0.100451168387832	0.132486481898936	0.1350394639033	-0.0802538291011798	0.0581575641143577	-0.0687147009295544	-0.0914111671395944	0.222022231711176	0.0842072534442715	0.242890870586915	0.0490600113058556	0.138629772908396	0.0818809841559771	0.0521718985351734	0.0768498927875534	0.0769804549932707	0.183949378854608	0.156653756441226	0.141051791053664	-0.0186022508283671	1	0.136165324054356	0.291158758585837	0.277926949841649	0.149730447425696	0.0992793752151874	0.0257845518303547	0.0118301371698743	0.114166388447529	0.178367089849077	0.182289016953168	0.0949993634390318	0.128710813988716	-0.0415436611269504	0.208697776277696	0.239079963774502	0.281688835563581	0.272555407780754	0.243948624313456	0.195705800316279	0.05437590133563	0.0500521960079946	0.0205958304279517	0.0152430005697543	0.153823216515033	0.451567293299499	-0.0110152235835038	0.0287618514803667	0.303535064604507	0.14233144312241	0.60906843939827	0.56206869246841	0.625946888099429
