Var	PC1	PC2	PC3	PC4	PC5	PC6	PC7	PC8	PC9	PC10	PC11	PC12	PC13	PC14	PC15	PC16	PC17	PC18	PC19	PC20	PC21	PC22	PC23	PC24	PC25	PC26	PC27	PC28	PC29	PC30	PC31
BMXBMI	0.0462502005211625	-0.174336348776898	0.0655459646779799	-0.0925338564252602	0.206596517586947	-0.130910876434557	0.0482301699725217	0.0736252151184334	-0.518058381455693	0.214592626604426	0.0360716061602079	0.127662337925328	0.220963033089373	-0.301446087496872	-0.034191007860515	-0.00827781690195077	-0.233164858195555	0.28938793183779	0.083951885594347	0.164324003272375	-0.25192104557082	-0.0967378108226117	0.387530498146308	0.0538856951311357	0.069497979206421	-0.0606104434584346	-0.0459783660338676	0.052431693780969	-0.0514093043699259	-3.74011154925397e-09	-2.62986783277831e-17
F_CITMLB	0.180301250554425	0.22305490019767	0.056012937419024	-0.11951743509494	-0.175428132922228	-0.359355173006759	-0.0854175202373636	0.307242565710299	0.15488948010422	-0.12117770803057	-0.174008595663321	0.215639361608652	0.0595928755678787	-0.0685208524034317	0.196934337796796	0.0792034380947974	-0.211120920367122	0.0276896898817987	-0.269398757931149	0.0795867125633241	0.00852839576176917	0.197058603926308	0.0372003468104398	-0.0784841882642204	-0.014490315182999	0.0338285251529981	-0.00416980885503851	-0.257181333421589	-0.481396941551006	1.83500394376896e-08	-3.3962774433577e-16
F_TOTAL	0.190279414174568	0.324332364732616	0.0950812528450805	-0.209471147041996	-0.338148279906021	-0.204562048041995	0.174443012117999	0.0831378414488729	-0.0239095118560908	-0.0326767986700813	-0.0179499095969431	0.244026668523984	-0.0825271198312353	-0.0303536404179145	0.114105166001604	0.0114624785533573	-0.0991162579386232	-0.0517136583003658	-0.000339704003387828	0.01141867850411	-0.0322663787284906	0.0144722048987228	0.0582561216037598	-0.0375801959858287	0.00257738132554295	0.0288492076206634	-0.0837148685231899	0.370462961450911	0.60496450245623	-3.41363273428333e-08	4.67935542522509e-16
F_JUICE	0.023407103617006	0.139115477989631	0.0270892403792427	-0.0771036798497714	-0.345946818802321	0.0671575806794439	0.449058267045551	-0.172317723353974	-0.229990591286428	-0.0328054151363894	0.17609960876019	0.179459897354188	-0.294529161469927	0.0252753152357174	-0.140771444617118	0.120190065172801	0.0705266935625897	0.132535927530606	0.148568706678623	0.120245469934451	0.152756763908762	-0.365955674773988	-0.143718935991124	0.0546545442268894	0.0413699758524074	-0.0757579279213848	0.0504429241250792	-0.140891373786784	-0.330498627002244	1.42095923894002e-08	-2.11067731696603e-16
V_DRKGR	0.155923244692818	0.265092593015759	-0.0413246187363096	0.129425553653151	0.0909567550557029	0.241552268600285	-0.0879248150800229	-0.0878073858680464	-0.0363847998138641	0.201395240965913	0.170740362673643	0.150095080141899	-0.174588675487571	-0.163124670088309	0.123757363230713	-0.357514284724653	-0.052343944950149	-0.474319822362542	-0.103788323901994	0.285028694280488	-0.316380667335162	-0.039368679588334	-0.027242251258418	0.0149126375118532	-0.0205001545432731	-0.0469205984287144	0.149762894557221	-0.0764800799760244	-0.0615828436176499	-3.03930709182782e-09	-0.232528778456153
V_REDOR_TOTAL	0.281270845661219	0.0204859774552541	0.00332125629691295	0.284664761178869	0.124673018874993	0.214547973286001	0.300438524716241	0.0879398468721818	0.113157394695412	0.0462938401388165	0.0693195490518345	-0.0180390237687517	-0.0425901135469034	-0.0296736005531448	-0.0369640281982641	0.229464677950128	-0.0285479236304207	0.0198618743513116	-0.0628730659772014	-0.250260542776424	-0.00371303285619778	0.100234714899877	0.177951306513159	-0.450892437701447	0.418281996305374	-0.0124477263600367	-0.145241659923244	0.101730683310604	-0.075875406634841	9.14806253853308e-09	-0.279137090350385
V_REDOR_OTHER	0.259400325013453	0.164536395764478	-0.0419535657381113	0.129051987694238	0.120188566120773	0.167081492617731	0.232370878860712	-0.00543911213733563	-0.0330923732811845	0.285590560347857	-0.0816462412973602	0.0758824378892376	0.0790107568156986	0.0575643301920385	-0.212757979873521	0.332236554032471	0.0980671842135749	0.147632138916931	-0.267067688732088	-0.0637609572208123	-0.0636033252413109	0.266128367134435	-0.0397864075655684	0.37212332163466	-0.364871116744701	0.141298727530445	0.156415705014613	-0.135345168385807	0.113757384290525	3.7958686123021e-09	-1.65741611591251e-16
V_STARCHY_TOTAL	0.0990800478988897	-0.134668557007049	-0.385464308878348	0.22830263032548	-0.175545311901046	-0.313968717526632	0.0395835720120898	-0.109838383367945	-0.0815339406666618	-0.143077942734876	-0.0850188118291377	-0.130169490698253	-0.0310195061343417	0.11700378343552	-0.156303579758187	-0.0782742765503451	-0.108593440120285	0.0185713651600381	0.20941026448883	0.186994848515228	0.0132336656833975	0.0519636619563296	0.149199724751866	-0.167332924049669	-0.196261448746419	0.262469886547446	0.0705074523208154	-0.267532809014365	0.168688790510711	7.7241856696257e-09	-0.418705534279559
V_STARCHY_OTHER	0.0434150627718754	0.0375332350779446	-0.276985413942684	0.175992183916948	-0.200782949943978	-0.320668926987019	-0.0952911992568455	-0.181837156121858	-0.269760103795946	0.168835343924864	-0.158776233647804	-0.275638413158205	-0.122375426297912	0.178568774844809	0.0140712205407489	0.0503338260273455	0.00906697129320255	-0.0860895462755706	-0.256747687782694	-0.185747528330072	-0.210886162359359	0.0248404869969237	-0.103227038207404	0.226865394787437	0.2320094847601	-0.323733979170175	-0.125980736903642	0.213639722207606	-0.128040165873466	-3.16680871069656e-09	1.09193125326694e-16
V_OTHER	0.305532652761539	0.173326130530262	-0.134063302051003	0.0812215370630654	0.231116636090662	0.0375285867647357	-0.181141016609282	0.0836878796661769	0.06922029902718	-0.0578799251185742	-0.0672019764968217	0.0480092569103981	0.15665434375205	-0.00232137299378514	0.208108234014547	-0.0565726397994653	-0.0164155231083245	0.215453225029296	0.142888512824342	0.0498368123442084	0.437080046209841	-0.281197454620178	-0.0991224258193853	0.342177241079929	0.0453318958074522	-0.229635269116288	-0.0944301828969416	0.0849758224281301	0.0254610915587187	-1.16222831776716e-08	-0.364959547520222
V_TOTAL	0.357971144397788	0.0992388658260964	-0.292788747938408	0.313890384091251	0.0893013536620974	-0.00228325409117673	0.0185604474466486	-0.0151306537909559	0.0190505637616056	-0.0284476717631354	-0.00143334983601977	-0.00951228668693551	-0.0110974856870292	0.00257853376345092	0.038723335155396	-0.0969263587179834	-0.0957219178548979	-0.0245203123732854	0.131211055570329	0.124204079091804	0.120927227211632	-0.0829457213801421	0.0930926952359756	-0.0903417286380439	0.0619782567206648	0.0156484070658026	-0.0142506640871039	-0.0941066872134547	0.059390123586117	2.22235563368363e-09	0.747999369129356
PF_LEGUMES	0.0265324959704517	0.0105011291846053	0.14388852323291	0.107738680275501	-0.0807712883980616	0.160551211163054	0.0169035325828713	0.352272522297671	-0.262761460868396	-0.171288405346351	0.461406527828838	-0.200537287126076	-0.108257355679996	0.350924842971396	0.142130340987845	-0.125674620554143	-0.254456234712103	0.0830013766611826	0.126959616312133	0.00190656914870997	-0.0172878371914291	0.353595419166963	-0.0602235328009292	0.208483094123952	-0.0148488112125427	0.0144370621531325	-0.156451853812057	-0.0521190895670011	-0.00562052813834829	4.45979987446442e-09	-7.05929393835724e-17
G_WHOLE	0.170800733375215	0.222529224586936	0.144477123559437	0.0208160825752499	-0.0970339255509111	0.0989655053947561	-0.00320319981823306	-0.195577020268065	-0.309501755631074	-0.0862262977443666	-0.219372810983763	-0.0570507391909285	0.236963044454914	0.0360530819952674	0.248982337334281	-0.308885088821768	0.417774176656265	0.105132987778982	0.161568833786689	-0.22760973171067	-0.0620594049540032	0.105256058512556	0.0186852988443781	-0.0981906507000972	-0.0706394951964161	0.350650374554177	-0.0439308476464132	0.106436662077043	-0.20844072664045	-8.25060345133813e-10	2.1932939302757e-16
G_TOTAL	0.250789259867395	-0.168741302301579	0.268909613072306	0.0512064897215623	-0.0825206190730946	0.0892819485061071	-0.123962361904348	0.216062554173667	-0.12782994913579	-0.0804840884018275	-0.189569675857176	-0.118708940064723	0.0184364540962811	0.113491681503883	0.0312168742100776	0.0100496339196645	0.131034897866779	0.198665778184154	-0.207273161209743	0.125220550295935	-0.286313381571478	-0.318622816653794	-0.33966054353246	-0.190423998777775	0.11446277902713	-0.0930280742354191	0.0754940453122135	-0.33572075687802	0.281341182581847	4.65908926626624e-09	-5.03181825785026e-17
PF_MEAT	0.100090515625142	-0.214547119417162	-0.114491399071965	0.0918386099924336	0.231101810513702	-0.321440559146023	0.00938793909201376	0.00178580861886066	-0.0596804801522264	-0.250922938417936	0.3056195254502	0.253945389427274	-0.20931749045257	-0.296685277510697	0.171082837457524	0.0864892109222966	0.315304036256912	0.0543425640566947	0.0400945966327237	-0.137631047925506	-0.116819440989937	0.158175966693804	-0.277619599494968	0.0574370308170428	0.0278243043554141	0.0297971398188019	0.122401172351635	0.0281078516668478	0.041637445967307	0.333854078299682	-2.747579323997e-10
PF_CUREDMEAT	0.0948675510349461	-0.278290485143257	-0.0837410953686863	-0.10465969292222	-0.237067538721933	0.228382027472811	0.139203459896818	-0.244756840668819	-0.0111235901409472	0.0527490320205137	-0.15072124784075	0.0908713436987193	0.393911630751239	-0.0715964094929014	0.107006299633576	0.0275227700996176	-0.272316729949539	-0.0926649324637826	0.12177824045532	0.18543730428198	0.0722508064430368	0.328069404423575	-0.362091334335204	0.0177888184520627	0.210203459144518	-0.0789367449712571	0.0689832656149814	0.0179560836287102	0.00264183242916863	0.264241327305968	-2.17467219358792e-10
PF_ORGAN	0.0217162247997317	-0.0556681767062773	-0.0318321977983869	0.0476165978136149	0.0280302882940462	0.141929015302491	-0.252985687257364	0.218189517213816	-0.2100923976779	-0.155568286009818	-0.312936225001603	0.479050985818736	-0.176281218787491	0.154600275940979	-0.546280497335008	-0.156572219983046	0.0292006467513347	-0.078614770212576	0.0817352785783344	-0.0596777530884001	0.0674924508233357	0.149180364803718	-0.0337712106292719	0.0370318289210041	0.149887925050408	-0.0101972447640173	-0.00235810549534041	0.121390817629917	-0.0483821996960763	0.0262423107412437	-2.15970311198430e-11
PF_POULT	0.0248862589864394	0.0357040920053673	-0.0944566325255922	-0.311937202663115	0.33465496461371	-0.0898633576953668	0.136655659749809	0.0570416398172279	0.0778183287159949	0.315945913831557	-0.165543795923682	0.0626078945648082	-0.178153232573257	0.525790279041464	0.162722933348075	-0.0341983108657013	-0.0634783699908256	0.0477856901586606	0.245206134101344	-0.0175692893019009	-0.158361142174868	-0.0559446479454533	-0.0431707791051396	-0.171588336681889	-0.0836584851268535	-0.0293485028344423	0.0271038759010607	0.00889169987910231	-0.0680910867938098	0.370492463231761	-3.04910623757357e-10
PF_SEAFD_HI	0.165101637534628	0.120504118775693	-0.0655808502094583	-0.0805664867488936	-0.261418216001225	-0.019135215346988	-0.137768098137252	0.222116317886044	0.330179177722283	0.0755923239465211	0.183448910764443	-0.13319810903188	0.257037394311453	-0.0658587981115677	-0.308322350578449	0.0991826720891812	0.250099866213587	-0.019891952001552	0.416122286841926	0.0262691839542808	-0.378292942807514	-0.0540176469744004	0.0709163573898696	0.166459533189161	0.0933937583792979	-0.0548773006790384	-0.0683987837763565	0.00909991502831242	-0.102352723889768	0.162627885357889	-1.33840889807109e-10
PF_SEAFD_LOW	0.145957987809799	-0.0166750386675027	0.000673869397218745	-0.196756657185821	-0.211326016545522	0.139829543655051	-0.357341426725947	-0.0430804094806633	-0.0477813857604987	0.350945892311974	0.0373608790342002	-0.211794379505395	-0.394826115679902	-0.253940537312447	-0.0367249590208118	-0.0411508557200133	0.103316685320088	0.236004388805412	-0.0688665445159483	0.0702480564184237	0.306028898672509	0.203436502367322	0.121490674360161	-0.137456591142375	-0.00708372062819775	0.0111557427655275	-0.087368324151714	-0.0827421108893248	0.0426632508816759	0.299352571574918	-2.46363628037745e-10
PF_TOTAL	0.289580031265527	-0.1671170154038	-0.161968348890221	-0.440577690704211	0.0953118515592746	-0.0229061437651288	-0.0491451001300656	-0.111326618743702	0.0205651986227172	0.0775674475247275	0.0740237890694757	0.042644044803499	-0.133666693110553	0.0172270765086465	0.0514511856513408	0.0195063792845007	0.0839537530452634	-0.0130626138991774	0.172224759884214	-0.0931946247903914	-0.0544861189705501	0.193336175400351	-0.0927392426263252	0.0222792484741402	0.149462113144619	-0.013072763762869	0.00277792258389722	-0.15679824148736	0.0226379148641344	-0.682568892988163	5.61745710351002e-10
PF_EGGS	0.141865390504046	-0.259833663453	-0.138654149806012	-0.0951250171117875	-0.238801628850152	0.221993896861178	-0.229385400643846	0.0219129277446317	-0.0780492414226619	-0.0436670971039837	0.0885518483742736	0.157102809431158	0.012371177442004	0.121124945779164	0.237347332814649	0.207808333330135	-0.149147167785289	-0.218882930563286	-0.0649730045263376	-0.420819601211114	-0.0076642033931936	-0.312168954907876	0.299413901311507	0.142877762621713	-0.0254987626037902	0.193074220479553	0.222038325952075	-0.0687000237479292	-0.00331480286773018	0.137194349446289	-1.12909355668581e-10
PF_SOY	0.0401148293914309	0.0477593875903995	0.19430895315997	0.0432137789183777	0.0462403594220999	-0.0396413687725004	-0.278673274456033	-0.43391050744724	0.0476995699720633	-0.140620114691748	0.19221171584177	0.197458119908448	0.0621607246830155	0.398075748334119	0.0429188845790235	0.27695883197983	0.173939028566116	0.0962875749690443	-0.107662225620167	0.410244537874273	-0.0274144065621018	0.103382979866981	0.266744709111233	0.010257647945609	0.20908740401378	0.0110553574176868	0.00434705293155461	0.0319480562067608	0.013643598536863	0.0282498676695075	-2.32492422816081e-11
PF_NUTSDS	0.135912340032108	0.138665606128338	0.0342024302686573	-0.375189970465867	0.224074135018052	-0.025524290826341	0.182182105816388	-0.187433480302591	-0.058455504649627	-0.346774968953231	-0.00259799394707468	-0.20441299785502	0.0644107009744344	-0.0364838353886093	-0.244724791484859	-0.164178724252111	-0.0330669947040133	-0.207244882378268	-0.1993753324149	-0.134131587185389	0.0403533203240445	-0.0104013195169024	0.161440208514652	0.170991971216988	0.17331255045807	-0.0287407007952669	-0.214941484812372	-0.340523402566617	0.111207144272207	0.281396911388082	-2.31586150633624e-10
D_TOTAL	0.173482010067757	-0.0751148102679451	0.432577023274768	0.149384568817688	-0.0612266290249122	-0.155211501904082	0.0591534336374736	-0.145935195879196	0.0911830032920157	-0.0108300226065642	-0.0720562677496813	-0.0384296673037802	-0.0546407281231727	0.0128011450358638	-0.0331275413198594	-0.160238817731954	-0.0438512658308232	-0.0275346052503707	0.224339137469387	-0.227336028696877	0.0737135039283615	0.157519532740015	0.229309068599461	0.0136042994968293	-0.124834323257937	-0.498635204359298	0.444041333875212	-0.0879806454861693	0.0180291147513812	-2.05013713936394e-09	-1.02595195599721e-16
D_YOGURT	0.102534491468542	0.193408705055149	0.161695063429016	0.0536582128006726	0.0679072306132948	-0.104808615666709	-0.30243750868316	-0.356454740235374	0.033592701721774	0.0564304568873042	0.22381057859719	0.0803801340034281	0.0638251582645304	-0.0314201858794483	-0.246780641478983	0.0180979625447426	-0.453374359447774	0.156868960758946	0.0630181855108511	-0.314462854335841	-0.105294021308654	-0.116536912309771	-0.338338078962667	-0.174632771553395	-0.150395684038157	0.130925666998291	-0.135280468642689	0.000268947003378747	-0.0326175986630966	6.2816783455659e-09	-7.88119425371608e-17
D_CHEESE	0.130524664860774	-0.18463078250392	0.344880929212047	0.121179727650039	0.0595590080075656	-0.0911176739543413	0.076589657190648	-0.0641701283188667	0.214863942242158	0.0262360253982225	-0.267796394965362	-0.157074728070068	-0.341510122917602	-0.0946024218024537	0.0308456496176968	0.00347986742306744	-0.188317890889065	-0.0272626945879687	0.13347326701229	0.115840416572972	-0.0777901321994093	-0.0746148629380646	-0.0107303454201869	0.390437194626376	0.237441063866505	0.461000455247037	-0.0327840864929626	0.127962893457584	-0.0752618704608013	-4.90101642661057e-10	1.60755214583578e-16
OILS	0.327273112256642	-0.0992121388963818	-0.0690200643355265	-0.233486674074767	0.0825827677761282	0.0871795296971764	0.00167341276473427	0.0329632046903027	-0.0263825571065568	-0.316237927948945	0.053396526610561	-0.308414509636824	-0.0318604988804051	0.00746127860994889	-0.170310489226663	0.0402715755996611	-0.0780511629303087	0.00695591376002436	-0.171609161345755	0.200855175332557	-0.0294361661950112	-0.0551819724916924	-0.0355282498414844	-0.147233827951721	-0.262796214182483	-0.0110959308436772	0.287203456246889	0.525868114069534	-0.216554798357055	4.84734474164864e-09	3.5048668730105e-17
SOLID_FATS	0.236656542958632	-0.401145637552475	0.145893655715897	0.0743489451796913	-0.0722975798443254	-0.00795600493123233	0.076320396866052	-0.0630332307028939	0.0775874854784391	0.0319785260653711	-0.00853366080722264	0.164327750769298	-0.0129402062560306	0.0392993249029214	0.0229957381683092	-0.0335733097688021	0.11377806983579	-0.206912800387939	-0.0450728475155013	0.0542597248066834	-0.00629094547931354	-0.0528468192439498	0.0495624591986159	-0.0181718455919919	-0.438808195114743	-0.164416626717291	-0.639055203907087	0.0414384646924963	-0.0874125856098309	-4.69080924008842e-09	7.44141278924635e-18
ADD_SUGARS	0.105346934538682	-0.224473125432487	0.0242892410513	-0.00964573237383718	-0.083593547349863	-0.232241053052235	0.133942589159852	0.0696158286092832	0.15721584580381	0.306561543909468	0.316592133390201	0.103727890143457	0.219535373107834	0.19914818086958	-0.172678430019044	-0.483472173843609	0.098775286322795	0.090733789848882	-0.328902826711513	-0.0369189673079069	0.198385015622306	-0.0940596720360092	-0.0238951399299618	0.0374413754990379	0.176171298892404	0.191625774945252	0.139423534533115	0.0869899917602474	-0.0233532202634979	9.10500879632388e-09	8.06571432062235e-17
A_DRINKS	-0.0855806770270269	-0.0460258156608858	-0.242548205998965	0.00591747603475214	-0.119171527238522	0.260938382075781	0.0868229099791766	-0.161512325528821	0.329781019189238	-0.225551945824398	-0.0749699089568417	0.149786916460671	-0.15448733563524	-0.0264898346746852	0.0872391394459406	-0.316985850556015	-0.106216988541885	0.531307977783642	-0.146699088133028	-0.0757593102528444	-0.343502198739533	0.0418192302227654	0.147449108707144	0.112396216250346	-0.0316655893609298	-0.126513164071237	-0.0554286769716571	0.0194200142432484	0.00532860271138175	-4.92837473854373e-09	9.13296768667473e-17
