"Sample"	"X83908"	"X88327"	"X90330"	"X90480"	"X92895"	"X83954"	"X84089"	"X84111"	"X84299"	"X84694"	"X85253"	"X85635"	"X85804"	"X86715"	"X86737"	"X86740"	"X86887"	"X86928"	"X87231"	"X87494"	"X87663"	"X87693"	"X88188"	"X88859"	"X89397"	"X90938"	"X91353"	"X91468"	"X92157"	"X92459"	"X92797"	"X92959"	"X84218"	"X84842"	"X85257"	"X86185"	"X86343"	"X86809"	"X88417"	"X88584"	"X89099"	"X89201"	"X91027"	"X91217"	"X91743"	"X92121"	"X92967"	"X93036"	"X93310"	"X93469"	"X86624"	"X87415"	"X89271"	"X90299"	"X90455"	"X84832"	"X86098"	"X86208"	"X89648"	"X90680"	"X86052"	"X91391"	"X89130"	"X91970"	"X89582"	"X87003"	"X86231"	"X87897"	"X92437"	"X88660"	"X92312"	"X84751"	"X89550"	"X87428"	"X85815"	"X86182"	"X84503"	"X86886"	"X89181"	"X84831"	"X90436"	"X84119"	"X84940"	"X88864"	"X86820"	"X88885"	"X84717"	"X85577"	"X85811"	"X86932"	"X91495"	"X91564"	"X89751"	"X90110"	"X85801"	"X87587"	"X89003"	"X91704"	"X92156"	"X85049"	"X87903"	"X88731"	"X88640"	"X88877"	"X92850"	"X87490"	"X89841"	"X87573"	"X87762"	"X92076"	"X92472"	"X92789"	"X86777"	"X86980"	"X84376"	"X85836"	"X93454"	"X92356"	"X91859"	"X83733"	"X83898"	"X84019"	"X89524"	"X87248"	"X88634"	"X88233"	"X87496"	"X91341"
"X83908"	0	0.395886783108026	0.368765402688726	0.377553742382167	0.357504926740468	0.358143026176789	0.377128654066224	0.38751089270667	0.360886034005587	0.353794227498188	0.390234942080215	0.395542405327412	0.369720356855493	0.315775978684213	0.325134566728359	0.371705759259961	0.348840397428879	0.385739115519473	0.408609697211309	0.400678334925663	0.385085734872411	0.361389989145611	0.351054397839334	0.400307343606391	0.359999126705964	0.415970649279957	0.367981675736898	0.367551731127771	0.315582581624408	0.3453803578621	0.34748366991843	0.342350956521654	0.342273333611566	0.381402086664897	0.354401680394413	0.372554243715338	0.410332245094711	0.383585109488479	0.34642634578599	0.340815945334483	0.360531333053198	0.308976522644709	0.394119474061492	0.378031696129245	0.370742096869059	0.365162837790524	0.368447015108071	0.357798146620085	0.325815067398759	0.347393380247419	0.3808632531771	0.407730995818817	0.382487894692464	0.32682417918878	0.372171388904418	0.347394577261403	0.346230160043017	0.375560547594065	0.32030845198797	0.408036676088935	0.410086466599166	0.360346650390705	0.359036911582505	0.402351994167662	0.372482599506994	0.390089814835409	0.37560479312246	0.382262061827638	0.345462193395521	0.395900229497045	0.348676151719205	0.317482167788803	0.360989800661043	0.383098573753897	0.37611042763206	0.398983054463638	0.39916943078789	0.404160501579412	0.349456858541811	0.408174759715524	0.423889013476579	0.402548669192051	0.356225841808065	0.460359896221008	0.327373417799616	0.337318406112751	0.361652694798324	0.384018629541309	0.379701979484205	0.340170514957569	0.395023169431871	0.337953638781829	0.346436582783291	0.327393273593952	0.392432573574651	0.405351582624488	0.328947037176376	0.368830230581005	0.351721733850372	0.354395148127794	0.404807505400661	0.408567351028817	0.420922926873717	0.39124079793673	0.432323156225405	0.40105407447602	0.380731435777373	0.352471993410127	0.371826942523279	0.418462303080674	0.394917103763772	0.348400483175303	0.366316115813539	0.358723409122392	0.361505428147561	0.357722569990136	0.335734703988666	0.398607792858804	0.367338323517069	0.373872545196621	0.353642728443897	0.379116508622645	0.389054980086271	0.372923044372657	0.369970830723472	0.392592710239737	0.29863376369419	0.332882380747732
"X88327"	0.395886783108026	0	0.361806028472187	0.359386842788143	0.345750026618623	0.355482050364282	0.361936772672263	0.375605930623339	0.314522312684466	0.365995816454155	0.374079287905146	0.377835413925061	0.357979279566857	0.329779090678232	0.336860077366416	0.336597374172937	0.311078145649632	0.376115229646421	0.363952922993258	0.386754010333698	0.379966530362528	0.36421158836908	0.345495387619644	0.385822121940519	0.335770938575434	0.399289285396552	0.356312122108835	0.341502470377252	0.305585886666612	0.340385354696619	0.322371346842097	0.366393096566254	0.332688082260628	0.367958958424808	0.330796851662688	0.355799700301491	0.386937269977494	0.364476419501081	0.313885060426544	0.317302030837187	0.324393005536543	0.343138469596116	0.380605293806281	0.382170391224393	0.367935574877771	0.355272263678441	0.356505154080306	0.347427977313682	0.345377330550927	0.328013766371384	0.370467351090311	0.3936617779091	0.372388385669158	0.346324809465532	0.372156576613596	0.332200902804685	0.336665227836319	0.361402760897508	0.321188981615271	0.396359299377731	0.400328497483396	0.337947101887328	0.344951856066599	0.37880967721349	0.351086542498855	0.356622379748938	0.361021269218095	0.360762337079991	0.322679501963798	0.38422285278584	0.375940349453017	0.319791016019942	0.415352100997379	0.371510323318594	0.366559600110098	0.388462262800287	0.377835925956909	0.369679037340753	0.376554229736025	0.38249307432348	0.424433716437316	0.379485090215035	0.348300922037005	0.422844733030266	0.358413000993975	0.330676615669929	0.388343766395641	0.359152699794828	0.401692464154073	0.325582875091415	0.352895658488113	0.339278823509263	0.359508625127898	0.325009484255581	0.377033378757379	0.386607964860746	0.351240640264174	0.34234062425434	0.339490047668761	0.359762278958065	0.392902543317331	0.395305396482298	0.404625099076621	0.3651107667117	0.418465686081625	0.373859832958189	0.363758232962287	0.336714009054414	0.349717437082855	0.406784926369469	0.393859155321752	0.332108802688701	0.351253930028765	0.35663732316884	0.304818963071638	0.337755458092946	0.320505698822111	0.382677211507496	0.328343593854334	0.362162489636801	0.35401681733333	0.363908727541836	0.383573400408462	0.360985403440712	0.362009360273661	0.380614306104721	0.309051929044806	0.31128861169601
"X90330"	0.368765402688726	0.361806028472187	0	0.344148519576539	0.327200919773931	0.339939155749528	0.352544168980938	0.355084501545455	0.29446364705281	0.335353633869913	0.358487592135961	0.349078266838887	0.324851403465652	0.307636633304311	0.321765779513073	0.279502343763053	0.301768656561062	0.348577771186926	0.369236643361642	0.362620527624898	0.353922901858157	0.319243469145746	0.31884167875087	0.352824326027795	0.296149344628239	0.37725253394751	0.331516625755965	0.332573228184469	0.275201418206593	0.319423032608693	0.291712478655156	0.342611134247584	0.32051206976252	0.320411627125957	0.314792916737151	0.34174631416673	0.376253406577064	0.346007358511631	0.313091074422597	0.314802834498529	0.324115781516748	0.317777509201235	0.343556734899436	0.355596788387686	0.333187824534026	0.335083138682619	0.334157277073718	0.317198217300451	0.337327523576712	0.315848248623937	0.339761896650598	0.375615585855841	0.35337817389281	0.320439913163678	0.316875265174989	0.305485327586353	0.315193789371611	0.344686537820836	0.311879886904506	0.376689256577534	0.371670821052995	0.293672311240936	0.324716996435934	0.367032560620292	0.338183614847285	0.359971210721245	0.343222514704974	0.340615802953844	0.31418706238295	0.344726838692922	0.33367002907021	0.296840516145535	0.394197773515947	0.325215659179951	0.328192077137137	0.357465905034775	0.356322806920459	0.374228494149388	0.353957551370778	0.349425049939098	0.398071893705912	0.370118086814438	0.319928576321289	0.426244394575378	0.331193983881842	0.317008045673619	0.361291613617048	0.35086190481123	0.378441626912351	0.310891460917012	0.345240283785374	0.310300610427069	0.341113627465033	0.305467904929831	0.365992142060433	0.365486606086745	0.325235241684129	0.295794728619211	0.321161869511405	0.337917209555711	0.372921975800097	0.378185056612419	0.369188953534827	0.38916856716147	0.396325894062335	0.360370458397409	0.349480286499553	0.299612371055973	0.318397291140298	0.370769941792609	0.38225191106569	0.304818849482431	0.321939005949041	0.320916545888436	0.314254039951723	0.319541494837083	0.30587901916569	0.38041334678552	0.335031909886703	0.343454264469216	0.321838403628857	0.289674510304435	0.367362736890197	0.268925880183581	0.312604018270011	0.362682404663917	0.291005736991547	0.279479509784437
"X90480"	0.377553742382167	0.359386842788143	0.344148519576539	0	0.331393159343684	0.327426081601444	0.361129733592985	0.361051474031829	0.322178406334121	0.328863634692425	0.375953081354824	0.357077788766629	0.343391367021972	0.313256804526602	0.313589115705297	0.344402753253218	0.312898290457313	0.349288644067241	0.368102504873412	0.373917233795398	0.318488648014961	0.343119552535413	0.327152394657297	0.373728639770953	0.31081090362075	0.372081492811806	0.341757665517324	0.335096275206996	0.284859335295434	0.325390005095067	0.30706303480707	0.349656617812366	0.284428880146048	0.348951989204697	0.305025170790214	0.335042676742098	0.349159806876585	0.355332444271283	0.313908474002839	0.314917933605007	0.332643038462209	0.313825388622823	0.366355633375786	0.368530351311365	0.361651711929066	0.339230030022591	0.342218780033582	0.31409695340044	0.338353664389641	0.334223703041784	0.365470163139857	0.381392690227692	0.356179276880826	0.329699071639248	0.353878302881513	0.319717209868614	0.313688125970936	0.350563144601151	0.321037236145131	0.38015497887299	0.379234207668346	0.310959402360725	0.314117570706319	0.366357144471905	0.327638510482723	0.369498836407108	0.342718379780276	0.35581666574319	0.301661703021889	0.369272602005562	0.362779409106101	0.301728332165154	0.403027087789362	0.334680316147752	0.345106085586691	0.373342857914074	0.372213689164524	0.375756947614314	0.357903952176628	0.385104850627592	0.413343132814487	0.375592927568685	0.329433419722037	0.430508627706014	0.314206880278524	0.31371079993273	0.373310037866032	0.344683893315927	0.332229498585982	0.294554749040758	0.36811856013462	0.272064678598604	0.334620193504203	0.318201640781908	0.351171689395691	0.360911766791023	0.333919040542764	0.26458013308224	0.306352442903422	0.340439156599633	0.37834808672582	0.381830584006499	0.394609845939696	0.392035522898122	0.405418339261835	0.366657969928032	0.353683488444871	0.316932317356596	0.328328384074657	0.391506561457308	0.391081225339105	0.321565854635654	0.315946353632804	0.342285916284554	0.330393645330931	0.326991424143032	0.312636336833741	0.373639631823731	0.318242616597515	0.347099791863296	0.34442605420815	0.352838638671761	0.378765521793073	0.333482687544065	0.343136202183823	0.366327932057997	0.276103316546724	0.306570855576295
"X92895"	0.357504926740468	0.345750026618623	0.327200919773931	0.331393159343684	0	0.314116890000743	0.329447307941053	0.329235189352226	0.311188337430029	0.316604411099355	0.338221168529807	0.337878343010696	0.305887294713404	0.255402177879415	0.308380744605187	0.314778063214854	0.291357839558132	0.323871195096216	0.351390560541668	0.332461092725501	0.338048347843593	0.324551636323506	0.303354827642014	0.342426284086629	0.294476040263006	0.359009413013197	0.309776763083167	0.315299181345126	0.260634291522271	0.294184620711531	0.286994378758359	0.304205129451631	0.296207809397668	0.323949339152071	0.302225042990112	0.320321844802613	0.358140745228878	0.327045625505901	0.282972841874663	0.278488587194139	0.290749018536129	0.292919035304032	0.343698974826477	0.317551098397212	0.326138878698238	0.313049969099525	0.292700551809504	0.297316336137866	0.313921864716074	0.282457876942485	0.335006826697408	0.33104885580019	0.327853508561369	0.307811005469477	0.331109440987312	0.290212298258304	0.283912094705873	0.319054005806158	0.298433308244542	0.350133440865066	0.361761969789167	0.308656687209362	0.290795037931749	0.342003307767911	0.323859166754883	0.339669891685527	0.319137502040034	0.32946324458143	0.288677507050575	0.339115543152098	0.305635529912353	0.279496769803204	0.370449099502855	0.32980366104717	0.330469293970569	0.343357122848486	0.342384744442943	0.346963666783245	0.32401526617115	0.355094953248644	0.382444662721958	0.345763982847105	0.307423793696747	0.404915839726412	0.308739036684427	0.302983951314001	0.347552130385986	0.334390321479666	0.360857041400804	0.284912597436988	0.335573073413969	0.30078278904325	0.313907971538873	0.291887026443192	0.338662860543888	0.329563783144678	0.30848626442766	0.313042616061221	0.295481082927044	0.325264891874345	0.333440914922648	0.342398735213939	0.363726092077551	0.342428070273703	0.375523742537141	0.332812200825264	0.328816727958584	0.295289714407029	0.314630107727113	0.34444808440114	0.356277655217976	0.272115935814828	0.300206874406423	0.311378129304619	0.305732369420845	0.308047108514358	0.282795942644291	0.36649069218647	0.29768774784114	0.298546205811477	0.322844994637953	0.321919673826479	0.350545794276454	0.31572620957649	0.310090760341292	0.291506960647401	0.263792735180585	0.256200240729105
"X83954"	0.358143026176789	0.355482050364282	0.339939155749528	0.327426081601444	0.314116890000743	0	0.342894476927638	0.340684493024696	0.310757316605474	0.319879186915269	0.359048343456034	0.358818031761414	0.32385017641625	0.297969720727164	0.305269229769815	0.328362698427109	0.301263951479968	0.353348887652164	0.365942789590002	0.355899752296064	0.342031081496072	0.317356775625797	0.317907056690348	0.344307530782841	0.312346777494312	0.369588220920923	0.324493609886055	0.323663822297582	0.264178943415816	0.303794939437343	0.29425371432799	0.335323070752272	0.289950146607066	0.337794138396676	0.29475038626404	0.325908189326331	0.37035498438348	0.338935399916255	0.287401018619485	0.301483726995115	0.311218062710232	0.300919225503656	0.344929596860776	0.347344511674843	0.338590329854354	0.337686765704606	0.324828501881331	0.317233220299538	0.315416157794415	0.320159607718194	0.346899703136104	0.36370508932837	0.337471922598357	0.317828982535823	0.344306112499306	0.302195838423487	0.269512148545094	0.339566290799666	0.308242636489765	0.331148602580822	0.373456651038376	0.311293354324075	0.311047312659732	0.358700005648264	0.329916967206811	0.352186454168648	0.327889044642182	0.343140010539666	0.294246407685261	0.320521268888453	0.348949414313268	0.288452065420783	0.378670792997343	0.306144111595085	0.33040442158453	0.345825001158632	0.351414717537643	0.353887407996244	0.34659775422697	0.365068567800823	0.396437043276004	0.356311399080053	0.309459504138782	0.416703308216041	0.331559224977833	0.304726821407082	0.358802483459123	0.324081475327606	0.360774541993212	0.294549134529523	0.342318866582355	0.283949521707442	0.300824067485641	0.273799345993154	0.33832033383423	0.36242262438505	0.27727398734595	0.325325738252719	0.307610175361031	0.315114457677521	0.339537317466203	0.357427646882272	0.377465483627474	0.375905756050209	0.374651338355715	0.336036848092289	0.334494308280342	0.299025718720783	0.325150747610128	0.365702129043274	0.365667151590321	0.291635029490383	0.316981483689097	0.325377094789488	0.313688604723593	0.320348353761403	0.273129905674412	0.379442160151265	0.319348914086099	0.329293671737488	0.327506276766528	0.316161622161798	0.362418901580914	0.329718590130536	0.313381109098025	0.343405287609514	0.247296293366979	0.289677926505611
"X84089"	0.377128654066224	0.361936772672263	0.352544168980938	0.361129733592985	0.329447307941053	0.342894476927638	0	0.353952713573041	0.323805099176687	0.328508196005233	0.380868099515182	0.370609213748329	0.346766338822264	0.307656632572748	0.324705380046046	0.298810897105916	0.320300000820264	0.331408508662387	0.376507746650085	0.369638174479626	0.372933790504604	0.348142759149878	0.336160662301836	0.369267183160354	0.337019632669701	0.385501265775273	0.261851375431016	0.31744365793648	0.294526478771857	0.321488936417767	0.31139378946785	0.357026735524595	0.324805360098496	0.360925125827294	0.326872544640461	0.347800516984137	0.378385122783537	0.338132899071583	0.32157622153126	0.321176378925402	0.345997073129014	0.331296934035746	0.36617360252311	0.364273566470766	0.36934663632011	0.350811822062917	0.34669899829718	0.343366284562576	0.340540227529179	0.338102537876405	0.360756687431412	0.378407175944008	0.363358064624725	0.332994373240982	0.360886383077394	0.324706686565654	0.333770565741865	0.366385249720281	0.327259063467232	0.381047561030294	0.390553010476343	0.317698414346851	0.335638345101255	0.369724426501203	0.351846588455803	0.371077521433761	0.353696358432552	0.357450429667605	0.318844147424904	0.365288939797953	0.348510809597797	0.308147454524086	0.404240598921284	0.357119200250518	0.355596879220783	0.379944275169052	0.371617557789252	0.382409784485098	0.373238647589243	0.356082371821972	0.399828692594849	0.380747604049309	0.342480536528481	0.440519742991486	0.352476052881657	0.339860866232127	0.367617222540637	0.362601333684438	0.337819348825256	0.322675543438848	0.352221424170961	0.330727246866635	0.345543489995444	0.327423647416955	0.376534922229063	0.383561480454642	0.337881402532838	0.33847490176743	0.333070127620243	0.349365661944336	0.377635812321403	0.360254830335137	0.39322099749629	0.391960157249637	0.405938432134754	0.362275415832147	0.363902045364417	0.319733897456381	0.330140620595371	0.391017798046126	0.388327286707204	0.315529463089502	0.348063054416871	0.349561737555794	0.299174027817122	0.345597393756165	0.320886845417243	0.381557831292338	0.337004273449626	0.346561760854792	0.347067462754398	0.345565136136471	0.35677317526611	0.346186191451527	0.350938829611377	0.373603753329238	0.301927085656868	0.305716918270381
"X84111"	0.38751089270667	0.375605930623339	0.355084501545455	0.361051474031829	0.329235189352226	0.340684493024696	0.353952713573041	0	0.335020636749692	0.348073252766208	0.373360731392101	0.369906419619518	0.33952580937756	0.297985861036913	0.332199338792622	0.338125489730142	0.320269376631456	0.344738393808747	0.357773371987629	0.365428800104581	0.36291492460689	0.27731196678327	0.325888977787472	0.365057808785309	0.299616689247098	0.328903789249967	0.317197322611424	0.312181635892157	0.287634898390419	0.31014133044932	0.312821092367414	0.34846955430854	0.317550227662203	0.351159078546231	0.313622745936892	0.336573239270157	0.383838528932019	0.353455989145488	0.309214939114794	0.323144814403017	0.337815204083266	0.339095614435095	0.370899176064463	0.333118008567798	0.361164767274362	0.301446960946152	0.327816170044095	0.336232362712814	0.339452738882917	0.338042652833477	0.33308738308928	0.378902464217869	0.32159046419721	0.334336681536375	0.31192483659741	0.314660143710025	0.324004518460801	0.356619202439217	0.32642439343762	0.378669528281921	0.314543144488257	0.338057507725444	0.3301752925354	0.373413065352121	0.352203622654702	0.366672673763453	0.348413574788403	0.357344857578044	0.297480432152297	0.367055331545192	0.349825537317698	0.307512935621844	0.400536861779539	0.35943849614863	0.359160094647703	0.371730743834907	0.370453198648752	0.365018684497394	0.363162377241762	0.384742772669795	0.407298167818364	0.358609573755769	0.331006079004479	0.433251827165301	0.345341234187833	0.331931815803028	0.363486639073977	0.36649427837799	0.38928726503581	0.312909496157784	0.343260246375672	0.330472565038784	0.303525439741635	0.32152124777652	0.34729728906273	0.384410540432803	0.337711967949629	0.342670471616969	0.324933127368216	0.330654425747489	0.336673153374808	0.353473439620963	0.391864220276712	0.390323868545727	0.376859382499449	0.372087829597598	0.357227798307189	0.305801020379732	0.342998410922332	0.388974927133548	0.388933961587844	0.319969544232508	0.339915219383229	0.339795690274731	0.330576712540575	0.337201020267706	0.31701109656547	0.394858995381689	0.345599628891494	0.347689788542165	0.352462059444512	0.350348412661938	0.37905636655958	0.34409451277171	0.34951865818417	0.363837706048174	0.292161038375804	0.304080629566472
"X84299"	0.360886034005587	0.314522312684466	0.29446364705281	0.322178406334121	0.311188337430029	0.310757316605474	0.323805099176687	0.335020636749692	0	0.31962481922161	0.339867936454641	0.326575986892078	0.313208295331645	0.287984434680173	0.289097583191877	0.28582366992196	0.288872595044064	0.332720553908293	0.3473539611839	0.341276411129966	0.322563831411081	0.291353605851607	0.304632347938683	0.321179424336821	0.303108182682608	0.334881681921818	0.280880143459261	0.300636367213364	0.259113422797529	0.298856442980976	0.272524320024424	0.325171408798864	0.288820625147474	0.328702382285667	0.294359272530975	0.262160617969811	0.358813464793385	0.322799641746812	0.260477252173208	0.260870539332303	0.312792803647735	0.296522933837308	0.340020887336156	0.340763906903616	0.316212395011396	0.319314350417448	0.319243830402278	0.297095585711546	0.262784604230422	0.307540483089267	0.339618472305776	0.352247174553816	0.318831076246153	0.30769970467693	0.338690985769402	0.294162192933017	0.274843309230675	0.335360300042512	0.288416534157254	0.361791596757752	0.365840798778532	0.295649958214891	0.303734232375363	0.347119227413062	0.317537372427605	0.333257490036477	0.320786784484433	0.331393374685763	0.289520738629397	0.346292107800145	0.306810339633101	0.283987033665583	0.37807567260231	0.327150744781246	0.320233429072295	0.351848549084085	0.347534147247227	0.358596495971978	0.339259169758675	0.355810424629728	0.388275933618667	0.35387938261818	0.310288812354762	0.402857279605695	0.325046843390752	0.292039923700945	0.344089521042606	0.320273323403053	0.364255322653477	0.291597773339508	0.34373453723035	0.301714665925396	0.32445009931583	0.277327378904994	0.333399164954883	0.337974743960591	0.29246774160785	0.302335708149424	0.298317756448559	0.312109377393655	0.359236609741003	0.35871264007454	0.337020031247909	0.373536568984059	0.375717654615798	0.326800319886077	0.335667659982075	0.304005803624811	0.311165387230716	0.357270227031856	0.364621047238621	0.302151323855636	0.30977226584062	0.313531273205793	0.291642751124037	0.312129792565268	0.280081024911785	0.359869202271787	0.299756569580544	0.327832699853797	0.323742540900348	0.325275614765132	0.355505009027452	0.277463485552901	0.314242876472956	0.347050406486506	0.268674796291036	0.259005428373614
"X84694"	0.353794227498188	0.365995816454155	0.335353633869913	0.328863634692425	0.316604411099355	0.319879186915269	0.328508196005233	0.348073252766208	0.31962481922161	0	0.365158934344972	0.338608012423494	0.330771801303581	0.296730367900071	0.318009651598691	0.332215909085278	0.308821179697493	0.343189374856929	0.364289345300105	0.361038263962814	0.347424565251834	0.321962363753477	0.312075628209451	0.361109074052562	0.324101561286473	0.377480243284355	0.312028111207899	0.339168831077937	0.272264910760287	0.308177577960185	0.306760262622858	0.325018488076486	0.271753670727906	0.342020808109025	0.319605244532857	0.317187803738943	0.369607275865159	0.348950787076202	0.311648819409767	0.306297477130893	0.325427040110747	0.29529992613687	0.350801347148182	0.345849468329991	0.355535461915634	0.314140140726187	0.334985547426384	0.307874253875012	0.317917975756798	0.325300318720427	0.35818055108485	0.362695410546193	0.349686118567829	0.315929299752005	0.297787584469272	0.313064041015557	0.307473987348585	0.328453092434348	0.30364237803665	0.365819765420195	0.376849551505977	0.321693407973202	0.306434156868322	0.363633191035157	0.327543462139992	0.342196478062162	0.330074337485156	0.334015885304581	0.309846719556545	0.36146815177807	0.33890591331331	0.294226467645086	0.394369610088271	0.334530924673556	0.336589734639544	0.366771870197733	0.364452692599517	0.371026244954434	0.350240611051052	0.362291888343806	0.40622586333851	0.35174287963295	0.308262552946302	0.427854509004701	0.32608908492242	0.30807974045927	0.37116110687454	0.353570851753786	0.351841331113212	0.288443281796729	0.357921485511267	0.30774012423045	0.336920984691549	0.311496024922753	0.360831710103358	0.377923362166913	0.31807267655971	0.317897953712462	0.294233962966983	0.321995711613121	0.370151261011026	0.375921612068673	0.351881666799521	0.377693090292857	0.399484576417652	0.367460786131443	0.347344790626323	0.295931696973221	0.329824785763147	0.375936873532839	0.379653543840741	0.305818890076722	0.308898928830571	0.335168646808576	0.328923607795906	0.32502711783734	0.254638748641152	0.388323302192929	0.325937286295926	0.334196547936462	0.347365996251301	0.345721369195784	0.373993654482646	0.333329309003976	0.33113203130998	0.358741642854963	0.2686798361595	0.291449851313602
"X85253"	0.390234942080215	0.374079287905146	0.358487592135961	0.375953081354824	0.338221168529807	0.359048343456034	0.380868099515182	0.373360731392101	0.339867936454641	0.365158934344972	0	0.32792524254512	0.32562929200947	0.315892614548083	0.349082141792943	0.352252509133893	0.339463772501935	0.382186139069884	0.377012677910201	0.3787532062799	0.35147885024588	0.359833803323038	0.341665187335138	0.383589260369048	0.33068118795904	0.401871151975287	0.353068699516485	0.347214855246229	0.307355211772344	0.337311939390295	0.328865764098411	0.322044281902995	0.34356825713397	0.372879648857028	0.348320625346367	0.366716716608815	0.396207981304101	0.371360278228765	0.318624755888191	0.330635777788126	0.31472736399512	0.346303575978527	0.378381453422519	0.366843613325853	0.36527920454684	0.343474974118797	0.345749846533639	0.333962802541919	0.333569260533313	0.330701298776579	0.365299071100629	0.380497670084292	0.369916226222141	0.349730705044746	0.367599713575031	0.329617810181311	0.338217019861006	0.361969253679595	0.321612717400886	0.39938135789043	0.404773738143711	0.356460907467202	0.351500917931828	0.380099415088652	0.363912841973755	0.382511737566869	0.339562949612638	0.367765890736803	0.337858079338256	0.379612149108905	0.372826131309903	0.324456430153173	0.418540150139616	0.378088313566474	0.37089742583132	0.381788885353909	0.376618831585888	0.389763962608495	0.380709924827448	0.397333131487723	0.432310242006269	0.365761577555963	0.352383454046717	0.453192727365559	0.362880324504403	0.322091183140531	0.377176266318803	0.351564624976011	0.406043254720375	0.334836838413189	0.389399507504105	0.338290297608037	0.334770838925847	0.314057735918947	0.374004569270542	0.373450381589244	0.345299093633594	0.354012536667255	0.345024650649976	0.355907117830909	0.397237299938502	0.366331403473571	0.413576955131477	0.412044438856524	0.39286327439739	0.387347532466666	0.371753834518979	0.344179612544563	0.36473742445734	0.385626681979324	0.403185026093217	0.33692643276164	0.353925962506906	0.337085824271235	0.355043337171792	0.327450871119369	0.322639504874753	0.40053060731549	0.355590308604144	0.365177694698401	0.372076054763546	0.342405571814585	0.359362458513714	0.361309834185004	0.366029855983754	0.344419826428133	0.301740937185574	0.318331694071845
"X85635"	0.395542405327412	0.377835413925061	0.349078266838887	0.357077788766629	0.337878343010696	0.358818031761414	0.370609213748329	0.369906419619518	0.326575986892078	0.338608012423494	0.32792524254512	0	0.315259011241813	0.322489178772993	0.332923835964625	0.343660965288398	0.292789822930222	0.367194753726143	0.3847174598668	0.372953798961183	0.327721381789753	0.327068523275388	0.332163751586312	0.373623462960556	0.323835830694972	0.395932292779218	0.342507018747256	0.34805666868139	0.300108256537059	0.330270355471755	0.307112322984505	0.298662182295264	0.300389943525708	0.356322141405094	0.331433021960394	0.349095529315871	0.393373514437827	0.368143430458404	0.32796163954759	0.329462301768447	0.335607561056828	0.329401956538298	0.375514385298352	0.367198183783877	0.352674972058673	0.321622187886999	0.341725570849539	0.322835121746392	0.35091470230176	0.331111304364549	0.365178121955798	0.295299121607736	0.35560552970264	0.333192616623898	0.332533765330872	0.319781023779574	0.328082980521009	0.355052918842197	0.320615024928769	0.385970613316439	0.399005648596849	0.280592854561832	0.347990289570144	0.367914620506892	0.316635031380005	0.374243111775103	0.332041360761908	0.360243327787426	0.322328193872121	0.385298121457172	0.3819469759739	0.317806526433869	0.417293772816881	0.349524544715649	0.368379196864448	0.389568638910101	0.364332312446266	0.393903431440968	0.37346360494962	0.379376591288554	0.429372542711986	0.357563175209625	0.319375080568928	0.447992389955888	0.356426265684513	0.308591154727432	0.390088030229955	0.359584178794553	0.376679279089436	0.330444119920354	0.385647781474691	0.338230344218726	0.360788564756613	0.318805310106775	0.385667079352012	0.354833531164945	0.353651663366985	0.345103311759434	0.340922295067521	0.364185256993234	0.393584336161663	0.391640833883365	0.397561875278151	0.408843504453049	0.336523227097826	0.364120457904534	0.367505087734536	0.341432356363722	0.336678292650047	0.407163602218122	0.407110635236604	0.337131220713411	0.341436846917501	0.328261925203423	0.335804862094174	0.326163861647557	0.328429579638066	0.352551300290531	0.33972560432428	0.362103201662125	0.356186215275181	0.322393456617896	0.364260403723715	0.349536768119989	0.345624187702537	0.340343200674851	0.310680674283126	0.309522884914751
"X85804"	0.369720356855493	0.357979279566857	0.324851403465652	0.343391367021972	0.305887294713404	0.32385017641625	0.346766338822264	0.33952580937756	0.313208295331645	0.330771801303581	0.32562929200947	0.315259011241813	0	0.28357553058988	0.299949519374171	0.324095099018406	0.307962953584745	0.352453173675362	0.361163296307768	0.330223208234023	0.309259561471892	0.325311067284569	0.279274354223918	0.311522932727885	0.316784159193892	0.365145090107417	0.299980881345262	0.330493548748235	0.274639705507161	0.299291137011485	0.301272451048396	0.319952969282069	0.306780448472339	0.33885265549952	0.315358542367547	0.320489907573853	0.355394881836218	0.329748343680532	0.28474608905625	0.300670657402005	0.308400991860678	0.312426711485343	0.347462162900064	0.352188452467141	0.336019311008348	0.328789760475467	0.31895580864122	0.302289652275998	0.321646816899816	0.319572710627859	0.337202624768481	0.35040896444317	0.343924704467481	0.313487170581399	0.341709792742558	0.304813841429863	0.287644809280595	0.339425659615818	0.298918556411923	0.367341308705648	0.373594049458274	0.322241074207279	0.301979966416776	0.34095719103996	0.331922563979206	0.351960244696281	0.29348524668229	0.341405181360475	0.304781201884378	0.344747877226299	0.347188722514334	0.290069297111782	0.384559360922429	0.339601002259112	0.330951853874751	0.355884542697421	0.353592606420114	0.333845574310077	0.341435557056009	0.372436349623084	0.389866060822558	0.321270001074205	0.312949043535485	0.422481933485335	0.320770215734721	0.28574890151955	0.361102035757268	0.354341763499405	0.371464050336018	0.301001916398647	0.340377849152547	0.307752988142336	0.330930373631382	0.309217774709833	0.355650781009762	0.292256959160753	0.326347112069055	0.326574398376956	0.306164651682215	0.33418058653665	0.363714545359222	0.370065666160979	0.376924973644946	0.378017445499016	0.340531245267691	0.347842747716279	0.334821230403225	0.308197649613886	0.330701303633225	0.372870573500731	0.372912754235511	0.307672436943401	0.327929590940726	0.30230606435932	0.319880150415323	0.299036661841629	0.299817627079708	0.378762922141676	0.326982796432424	0.335383365495454	0.337251083167067	0.292931906024669	0.323408738873865	0.331797405482603	0.318055311200619	0.312517135202049	0.279863931086697	0.291774206519761
"X86715"	0.315775978684213	0.329779090678232	0.307636633304311	0.313256804526602	0.255402177879415	0.297969720727164	0.307656632572748	0.297985861036913	0.287984434680173	0.296730367900071	0.315892614548083	0.322489178772993	0.28357553058988	0	0.285350446311586	0.294259784416126	0.275388826520796	0.290946752143423	0.329966862959716	0.318741629820047	0.319993566345066	0.296295444822789	0.283651039967741	0.32018545398382	0.276728039379207	0.334002498554045	0.287672247699412	0.296909695440827	0.238594102885269	0.26912429437396	0.270053601531621	0.275821843700919	0.280057147018616	0.308793206404292	0.281400476050989	0.301799645658782	0.341624752200536	0.307411810126637	0.267447846008875	0.278047056445657	0.291523024717036	0.233507039533234	0.325047326162805	0.317113339435085	0.31274700439621	0.296502510441542	0.292501690606587	0.291888383905566	0.270036238484912	0.28134702952808	0.305664443090529	0.301763588791447	0.307102804276778	0.289657631862808	0.314809040923363	0.272080718546466	0.267847400193414	0.31384923849207	0.273035562607885	0.333134914605561	0.340847176997065	0.290064073394407	0.276789473719166	0.324955176625726	0.300927368374931	0.324038091532013	0.305187582493349	0.315633536232785	0.273344944145921	0.324951406070146	0.287135529604898	0.253861185403277	0.358095660577594	0.311435939006552	0.31645483210286	0.329074876727259	0.327412946252704	0.333347208120539	0.321610082362959	0.340609898894441	0.358566822203106	0.320630739935023	0.286942414965683	0.383211310835351	0.289245481679209	0.283979147802668	0.306229939218422	0.323871896966398	0.345965806727683	0.270329249685077	0.318910230321116	0.283570730906932	0.272459278304518	0.258130790667846	0.325414375398317	0.337759759438924	0.257143081357215	0.295250565690464	0.28035180245475	0.309083087747602	0.33095072588685	0.32416676077827	0.350109633414845	0.311266278963041	0.3608179056593	0.317673410541727	0.313328073167955	0.275958047884697	0.301013649064407	0.329865805072758	0.342336357352255	0.19399352424265	0.293404091646185	0.297761670641914	0.287921794557451	0.289697661186292	0.269807917954214	0.337686602725589	0.26945877962462	0.253602300611068	0.306492011500553	0.308303215163773	0.337072079069036	0.302109750913785	0.291855956557175	0.321751026395651	0.227820470235318	0.179597705059843
"X86737"	0.325134566728359	0.336860077366416	0.321765779513073	0.313589115705297	0.308380744605187	0.305269229769815	0.324705380046046	0.332199338792622	0.289097583191877	0.318009651598691	0.349082141792943	0.332923835964625	0.299949519374171	0.285350446311586	0	0.307543653392219	0.287871563618018	0.30590666521118	0.349814149906273	0.29381799189786	0.333795474108222	0.303926601402857	0.288116079692626	0.317000328737244	0.305690794067245	0.344900588303107	0.294702632888333	0.310402307098137	0.260205139021671	0.290778092558481	0.271943281634671	0.315446321534581	0.278109338633412	0.331284993670305	0.27744243700469	0.305469014543969	0.350038699594369	0.320115840375717	0.295250748792915	0.296151071776366	0.305797018925264	0.279718258741197	0.340887420036454	0.303620348080009	0.32277737003546	0.320546670620412	0.309032154311434	0.304259859366887	0.314358347560016	0.309392005709598	0.334787513450233	0.344301702794421	0.333184660866026	0.292309536710916	0.339912116912849	0.279749402816871	0.30440962607429	0.337173746084483	0.303729319653834	0.331396283391191	0.358395419220033	0.28524475668424	0.293456388039054	0.341651169518394	0.314624570051336	0.343338675567711	0.317770913245781	0.338008742807058	0.284863946657838	0.342631337767436	0.338908105653437	0.278145306216326	0.372725452344823	0.31788522324632	0.326547539827481	0.351804021277376	0.345900539058281	0.355788903147135	0.344089321478933	0.362146278139062	0.382638025414257	0.354084596624348	0.315752495253356	0.409000296761676	0.326271689844401	0.30134196068033	0.33605530826293	0.322266642473138	0.36925013804982	0.284008436514831	0.34357365228895	0.300802588727195	0.317976999382923	0.283550520254014	0.346491906517357	0.33475469033863	0.30263166627316	0.297685023589619	0.29323560166165	0.292020902904952	0.33558870585501	0.35374541780102	0.367600385516732	0.370728976159217	0.375973690099822	0.32572250797291	0.336143342841551	0.287778194048399	0.292332354622165	0.36363181080605	0.35909534846901	0.297206041915514	0.302063845659519	0.32020079788822	0.303065643858837	0.304684499634171	0.275344578819108	0.358423331355564	0.310892293614256	0.325434901220317	0.295026246325642	0.321674563470991	0.357756680620422	0.313556640921714	0.32948153119818	0.336072230629129	0.260893700276607	0.284485737179961
"X86740"	0.371705759259961	0.336597374172937	0.279502343763053	0.344402753253218	0.314778063214854	0.328362698427109	0.298810897105916	0.338125489730142	0.28582366992196	0.332215909085278	0.352252509133893	0.343660965288398	0.324095099018406	0.294259784416126	0.307543653392219	0	0.289390435485488	0.312754471582083	0.340519859843706	0.347116010362103	0.347489916905199	0.30890820760904	0.291872118976859	0.340883475503133	0.286286141982405	0.369305760450648	0.305607950745003	0.322438862446103	0.270881580108654	0.30246402079338	0.287053960173147	0.333446928859452	0.308543893126487	0.324778435941249	0.307820389879477	0.312612733293219	0.340317160206843	0.319097680741759	0.290723354448301	0.297786842977687	0.301141030653128	0.312911921604725	0.346714999332386	0.341122834892152	0.316115964452498	0.311630243962593	0.324824285427672	0.310903122034829	0.314476624708268	0.311227936243848	0.340299576205632	0.362181365231413	0.311053354221343	0.31012560138802	0.317975121294928	0.291915106987889	0.300369103924993	0.338515617392015	0.301475870825012	0.353703287691911	0.374469485178792	0.292422199643148	0.312331982062237	0.354405109999443	0.336694351321163	0.348668471458634	0.331148519603128	0.306761414680301	0.293027182764842	0.342656028987258	0.334770975514546	0.29055917299398	0.378488077254644	0.324608725797698	0.338089050168341	0.356465922586279	0.320921358512818	0.344837026573013	0.349211201333888	0.335263636166591	0.38097481066678	0.358415742211209	0.320610394660923	0.418913943305296	0.333521911212701	0.317466262639585	0.354464120101648	0.329109907756731	0.372113366697538	0.296405414438737	0.327630681506388	0.304059536577606	0.326789386694228	0.284890504014048	0.340296235132344	0.363318806788606	0.314711571782305	0.289264416307959	0.306411118492056	0.332455338863266	0.360072018482991	0.348561230469906	0.353513055753107	0.375848619352809	0.38637704521193	0.321424630196142	0.342040748489447	0.302331203784529	0.316911068561799	0.365444684729463	0.358181986717245	0.298535776229698	0.314625567989042	0.313694240159165	0.275348737431411	0.316478070715125	0.289282656937894	0.358454651765566	0.319569253322818	0.332352076996413	0.293992474476035	0.282375145608602	0.340108263825855	0.299215057897625	0.319542013764462	0.349362456855255	0.277699896937918	0.265409169716555
"X86887"	0.348840397428879	0.311078145649632	0.301768656561062	0.312898290457313	0.291357839558132	0.301263951479968	0.320300000820264	0.320269376631456	0.288872595044064	0.308821179697493	0.339463772501935	0.292789822930222	0.307962953584745	0.275388826520796	0.287871563618018	0.289390435485488	0	0.320224994417908	0.316640880709542	0.333046490215612	0.297430895209282	0.276006664849942	0.294389014921245	0.331662091708073	0.262824243753783	0.346897916019258	0.296466092386699	0.296163636822636	0.257024125356431	0.285218807990762	0.261472734318781	0.308746842565727	0.238691823248179	0.291331216918089	0.285748076770674	0.29659541734602	0.349299566650818	0.318056201783483	0.277609210018758	0.286669946131555	0.302436411056749	0.275752887052285	0.331703699673683	0.323848742985783	0.294990439152947	0.314896500723324	0.300758458312404	0.29034417791106	0.30527817739069	0.277677680497558	0.326451938466429	0.341526858174525	0.319291904427376	0.299778582773896	0.321293589492504	0.278543679874024	0.287405228483003	0.319809701025118	0.286161612976508	0.339296023690107	0.353239241079343	0.25914612301727	0.293822209883826	0.326251915758387	0.307108058208595	0.303056329297443	0.310753551822996	0.31009075303493	0.273175664913522	0.331083120456518	0.326990796702819	0.270433189889804	0.362939310471524	0.301249701182528	0.319431827291952	0.334972619809857	0.312567997452041	0.315298425578812	0.327683831217897	0.330297521780158	0.37362409535987	0.335142441165351	0.256124301046732	0.393222199798268	0.309259854020276	0.293504465507179	0.332248025186801	0.308157511018531	0.315976617763788	0.276880174741407	0.32663134223792	0.292251403929452	0.299119829773667	0.253582152106679	0.331529039352522	0.3373363424188	0.300475512037044	0.287892796796217	0.28695835421722	0.315479174809145	0.335516552424586	0.34323730903197	0.339581776544097	0.353862829745036	0.364539260923575	0.308804086566576	0.31983701481758	0.284334561262263	0.278917532224197	0.35098083336985	0.352555644544782	0.283550695286161	0.287847779153779	0.286718616053859	0.297209640711021	0.299524379804533	0.278466134331606	0.35097072699387	0.301658906715463	0.308714343203019	0.294710386745961	0.297268142427746	0.314624820072902	0.29106669632573	0.295200119310877	0.323782760502931	0.255742189429457	0.251026032700805
