"PROT"	"TFAT"	"CARB"	"MOIS"	"ALC"	"CAFF"	"THEO"	"SUGR"	"FIBE"	"CALC"	"IRON"	"MAGN"	"PHOS"	"POTA"	"SODI"	"ZINC"	"COPP"	"SELE"	"VC"	"VB1"	"VB2"	"NIAC"	"VB6"	"FOLA"	"FA"	"FF"	"FDFE"	"VB12"	"VARA"	"RET"	"BCAR"	"ACAR"	"CRYP"	"LYCO"	"LZ"	"ATOC"	"VK"	"CHOLE"	"SFAT"	"S040"	"S060"	"S080"	"S100"	"S120"	"S140"	"S160"	"S180"	"MFAT"	"M161"	"M181"	"M201"	"M221"	"PFAT"	"P182"	"P183"	"P184"	"P204"	"P205"	"P225"	"P226"	"VITD"	"CHOLN"	"VITE_ADD"	"B12_ADD"
1	0.499754741528571	-0.272404092734198	-0.247313886871747	0.322440879196213	0.0801600929432662	0.237462491662484	-0.182264031415933	-0.770835602779979	0.214212505450482	-0.295473579150652	-0.29121353092868	0.901304112670176	-0.0029456596549969	0.516259166341945	0.652441654792603	-0.449952304350235	0.854546572728851	-0.655352616133438	-0.255906975217731	0.794551487185141	0.69579237362653	0.143166365146669	-0.510863395785928	-0.305262809198997	-0.46886656335142	-0.469050030257168	0.760022374601808	-0.297602601338252	0.254360790927988	-0.505938259715341	-0.374163638000427	-0.476912267207921	-0.34500025924363	-0.312846677427666	-0.311147050946114	-0.316509038172362	0.951178352262604	0.514912796051631	0.417670524682357	0.423134185585719	0.31811535696217	0.409851186254248	0.190068298025946	0.476457553498285	0.565196661108796	0.490084227957413	0.48488166739641	0.760087680980111	0.435820496821756	0.7390738844614	0.265241556848565	0.20480196828499	0.126835465443283	0.0533891250508922	0.542463382416798	0.95183119912852	0.599094715931922	0.761011398027739	0.671253327576909	0.713466855600074	0.942525525084419	-0.627923298643595	-0.731821343045647
0.499754741528571	1	0.473555335371365	-0.0294411844456449	0.725118618011677	0.63166427409842	0.819061041916677	0.591239138429746	-0.145373410876879	0.804000893907606	0.0917418367302942	0.0448576490665975	0.741476821533595	0.286249799164712	0.237903688212003	0.70396094763836	-0.171357847856175	0.421163763297532	-0.379163036945491	0.316445921051038	0.730048344140368	0.575312497717275	0.0842155382700762	0.0263822467876692	0.196929727589802	-0.176040838896953	0.0855679725365725	0.079061510279279	0.0335211708843527	0.531326798025047	-0.390313159823448	-0.22292949012206	-0.138974894908753	0.253567197829714	-0.29667955382595	0.269716752930609	-0.230015260523712	0.538527850978768	0.94526433224583	0.859522349368555	0.845572922948052	0.774155762215454	0.817660775175003	0.711919921959806	0.871104360762363	0.967585049044116	0.93701710327748	0.983906756469045	0.808208126581722	0.980911977383175	0.460694105735561	-0.269342976459783	0.699705427238564	0.723497491952277	0.411697449235324	-0.0476696191292473	0.521333487685476	-0.11371242197659	0.10592099998982	-0.0437355809000491	0.2107067491796	0.382693631714491	-0.18411187826726	-0.33778412492578
-0.272404092734198	0.473555335371365	1	0.511081662173589	0.699221818554378	0.769264990392095	0.764505624801	0.875551082822118	0.412284281819945	0.51926317400226	0.773297042829424	0.231418069055129	0.0089411650858761	0.0804065370311149	0.192766868778395	0.158800061343716	0.209691234361879	-0.0205358755417191	-0.0343184452197935	0.644939158306308	-0.0206573912137194	0.275175023450017	-0.0183902493418496	0.63078645993829	0.841674018292066	0.0661136738592596	0.737106617514402	-0.307905151516616	0.220683257353715	0.186194672174552	0.061118106629577	0.178537781097161	-0.067191000941749	0.608336958259226	-0.376688025132592	0.356204046985817	-0.234789477954789	-0.350024203260581	0.442984149336324	0.309006588827942	0.307294670069492	0.310041178171381	0.28082358147931	0.438567276081936	0.361397524971018	0.416954375599529	0.531592240507879	0.411239962710047	-0.0154776223812786	0.448194709509145	-0.178071047745729	-0.235800267521251	0.460706223963898	0.547899888409535	0.27414944378323	-0.413201950990818	-0.346683033135391	-0.448641021410522	-0.461175094722704	-0.512066360816059	-0.488124817027175	-0.460036336896384	0.235144439839406	0.23622108370051
-0.247313886871747	-0.0294411844456449	0.511081662173589	1	0.274469786261112	0.507473415917946	0.0883759326646869	0.297028180370065	0.339234051014643	-0.211422637755035	0.462696747859089	0.0737325963226624	-0.248017916659317	0.195852027446851	0.297702350545726	-0.273193925332043	0.401119703210496	0.0846326794659262	0.126743030203105	0.339166948293538	-0.23141448661767	0.325683514016807	0.360123082714737	0.506752302638711	0.53994521305056	0.204806441409079	0.544389062340014	0.0125396036737644	0.13131094929471	-0.455447131910669	0.455222901903088	0.55745857250918	0.00451234884182859	0.544872986346312	-0.211353058526542	0.342242080821204	0.0434995182107096	-0.372062755951637	-0.162257101238536	-0.347468805785817	-0.343377802112153	-0.36126830530009	-0.376044575955081	-0.259228468909754	-0.285522271271565	-0.144750305711639	-0.0629545816225682	-0.0427277706847945	-0.251905748036342	-0.029900398914976	-0.0797171002246528	0.0624112269594158	0.251904840260848	0.263669810694584	0.333762563030359	-0.112291180571745	-0.358196594884982	-0.0798846301681047	-0.204925334334526	-0.14592306515727	-0.255032233251189	-0.304558054617751	0.40191684666404	0.347817663636673
0.322440879196213	0.725118618011677	0.699221818554378	0.274469786261112	1	0.8577711974063	0.77634245787482	0.693685449327723	-0.279273493583416	0.638162490305479	0.400400164193606	-0.278799656261781	0.456267021492388	-0.0913204859686204	0.419988842227097	0.51662525120905	-0.298366643685701	0.389900617870784	-0.527797165705443	0.410358495521992	0.410884908577431	0.65863817196627	-0.171964312901283	-0.0189829246188314	0.443815367875627	-0.515917377425966	0.138580993421705	0.0452520383482817	-0.283012517688583	0.292307493898671	-0.531292878507209	-0.333591378360858	-0.0933132863364198	0.247044800883655	-0.678130681874939	-0.0848180395197841	-0.624446921004818	0.239142196039464	0.766956839351356	0.581828598699052	0.579294955535377	0.506371242166325	0.545770517298099	0.522868560711709	0.691412576224573	0.764815344691778	0.842284013769644	0.690541454468945	0.555992540137318	0.682010044064302	0.237860366780309	0.0466693924381431	0.360686131297848	0.407296707919911	0.0571785701283118	-0.0537391996193574	0.251139479663194	-0.112341552557459	-0.0132204950135451	-0.138191792404002	-0.0854860805964419	0.0729875917522941	-0.328010499214043	-0.375853336951102
0.0801600929432662	0.63166427409842	0.769264990392095	0.507473415917946	0.8577711974063	1	0.71894224149403	0.73794010777014	-0.0719200300208929	0.596980975404636	0.452430021680125	-0.158721245947882	0.247550135850833	-0.109290960393167	0.297007313171217	0.444614352579784	-0.220091734553317	0.155909677362353	-0.423504587868276	0.418181304661361	0.325423074221957	0.445776632911781	-0.13039334303107	0.17000266412797	0.565817221448362	-0.352581290704349	0.314762360511137	-0.199903188617186	-0.0924108229138702	0.224387057240139	-0.290911582111369	-0.089356804069518	-0.150060727989624	0.484866740005638	-0.600450638583761	0.047396491128997	-0.485291969881574	0.0204625158814888	0.667361395366579	0.521063102536872	0.517947207228536	0.457665270380983	0.490774153523198	0.508446344932535	0.606932520003559	0.649008191074924	0.742186278618233	0.587582787266207	0.409338100435897	0.58668500456558	0.0575703412687789	0.00530294996668601	0.342125369656647	0.40416689016743	0.118975175860767	-0.225731112325293	0.0364011273008226	-0.29421971415201	-0.227218178115498	-0.335711468663035	-0.293079077599061	-0.153586194061225	-0.0497864137831644	-0.0752434221481722
0.237462491662484	0.819061041916677	0.764505624801	0.0883759326646869	0.77634245787482	0.71894224149403	1	0.709516555265722	-0.0160204008145063	0.747997861512777	0.397197051452764	0.239513661261785	0.51667833392566	0.0697400497079623	0.391198852955869	0.480402751785727	-0.00402727923299674	0.339292087820215	-0.45339709422846	0.486088796214086	0.463198383711409	0.465259022508106	-0.175101658313271	0.230525300848431	0.487765161364021	-0.174720351337028	0.330755370481348	-0.0594123753521394	-0.0143062263815152	0.405319527932825	-0.339797917228746	-0.198517650645689	-0.243500825120899	0.371022605537932	-0.466061132914674	0.182741987076898	-0.421015449353136	0.212207846302981	0.822587610104657	0.730087323323595	0.743945664311981	0.701345262738409	0.706602474484691	0.716883847124947	0.765649436259742	0.811612387336372	0.855695467529926	0.753310623782405	0.468491024209079	0.766898729171425	0.232677137449322	-0.133982776801289	0.564747393051302	0.621901771878837	0.217325248805184	-0.130320045646216	0.235403351014053	-0.165337415518424	-0.0590393075018361	-0.178800682449274	-0.0985619920686034	0.0390902406378354	-0.1801898417676	-0.281047003548615
-0.182264031415933	0.591239138429746	0.875551082822118	0.297028180370065	0.693685449327723	0.73794010777014	0.709516555265722	1	0.346677004128785	0.695244941635595	0.587393480877697	0.161524568293447	0.13879528823456	0.0557950349444002	-0.11627129505553	0.351916268639022	0.0366028760200684	-0.102773789482873	0.0157674131493238	0.468336770427661	0.238141781927422	0.21576180603794	0.107404480909462	0.498384660671654	0.769548671980186	-0.0631101275783991	0.618882965539139	-0.385464371895601	0.271861213447147	0.361182005308019	-0.00683530812468583	0.0352287659795062	0.00677743420671508	0.523782816863337	-0.156092649153445	0.283441694231537	-0.132064644708113	-0.202448595687254	0.609373392714798	0.530379485884235	0.514381625313326	0.537715936074156	0.506324228450936	0.687915546489291	0.574234913697648	0.571326206328995	0.659027737880392	0.559108600286296	0.197989324205816	0.589283305724979	-0.144770652042602	-0.398089337805085	0.391550176083392	0.483624091525558	0.197686135103782	-0.463011769481765	-0.241811351002045	-0.566506035244267	-0.482861693546665	-0.578885882753402	-0.380795018213599	-0.336318205318126	0.142839278396879	0.282209225828036
-0.770835602779979	-0.145373410876879	0.412284281819945	0.339234051014643	-0.279273493583416	-0.0719200300208929	-0.0160204008145063	0.346677004128785	1	-0.0209028727148047	0.415331276817576	0.642677619192264	-0.529629970633172	0.480823843736755	-0.422748901670774	-0.446995515013106	0.69057525711444	-0.57248479087967	0.806646860714627	0.377376055569753	-0.491662150738545	-0.429234593746288	0.342288110534349	0.859348020374868	0.472819462327247	0.829012189026061	0.773105124432881	-0.475131541374238	0.710936740425372	-0.0845932272381901	0.783871349961507	0.690649211522639	0.319198341201311	0.511285634698626	0.507609996383215	0.77050729417032	0.649504152227294	-0.711765257720126	-0.303265933603675	-0.244463690685232	-0.260431003034115	-0.151117574092932	-0.261004067178603	-0.0342703149206682	-0.338213655556638	-0.317218468593018	-0.300461493654967	-0.136381147999681	-0.565539075398526	-0.0747753850472632	-0.501169330622563	-0.552907926262568	0.300249422509188	0.35883316706932	0.449319637508085	-0.558042286528712	-0.754610605086773	-0.554882033924927	-0.64215924373562	-0.56223571668953	-0.465364374173587	-0.650788517413445	0.82421442033868	0.839008745870414
0.214212505450482	0.804000893907606	0.51926317400226	-0.211422637755035	0.638162490305479	0.596980975404636	0.747997861512777	0.695244941635595	-0.0209028727148047	1	0.181697466720493	0.0707369918334269	0.537037345418393	0.145932823902253	-0.118656425755638	0.694385058531456	-0.413284519054951	0.0100322320391316	-0.284062969396432	0.375354844089219	0.610767417067566	0.143976307515923	-0.133933526753938	0.0707662613739703	0.270195689392968	-0.185908308301045	0.143158039784125	-0.207971477494756	0.129078588942043	0.686808170617196	-0.394456302852604	-0.336169545801375	-0.00482191382011705	0.250182396641058	-0.231675997754187	0.121722973424811	-0.279784752013974	0.271202939701571	0.88610411779853	0.908957034725127	0.890788465419746	0.913999183977995	0.874805959107967	0.881475446442587	0.904516855318306	0.85640754362353	0.863140782904671	0.808740028888067	0.658640301348261	0.816723486218281	0.0606470926806515	-0.364328489380778	0.310811926441322	0.37944827791083	0.033592311521027	-0.371067569704909	0.221102910150732	-0.404922279097232	-0.188257799716156	-0.349073078486863	-0.072381172213884	0.0634542544672081	-0.119196966527123	-0.117974907630106
-0.295473579150652	0.0917418367302942	0.773297042829424	0.462696747859089	0.400400164193606	0.452430021680125	0.397197051452764	0.587393480877697	0.415331276817576	0.181697466720493	1	0.133025364938754	-0.132753598574291	-0.0190419334297079	0.255802166129965	0.0845248444214453	0.195941239595931	0.0221617740465009	0.192076517353789	0.405687034251602	-0.278568043664225	0.213884248430679	0.105932121597329	0.738901818099496	0.851433502700333	0.223763949230449	0.817658513562889	-0.0293707075398919	0.441293928009548	0.2784070234206	0.205069726997692	0.365856591938468	-0.301836700194045	0.250169850031171	-0.19784532437599	0.192110259632886	-0.00240369503922905	-0.391748664609939	0.0510041931955664	-0.0912650368541872	-0.117548135122485	-0.0849654106470663	-0.119124680778567	0.0853312158330576	-0.0234574614412702	0.037161120968163	0.145071065726252	-0.0165801950851253	-0.295927695029296	0.0109635223165387	-0.222702227396402	-0.0789116383295551	0.32249871756784	0.366860373343252	0.302614363518337	-0.263780776616385	-0.390956639590247	-0.224300975959796	-0.330207457593594	-0.302312264123212	-0.405660112888126	-0.395387082948077	0.275379189558926	0.408548938475852
-0.29121353092868	0.0448576490665975	0.231418069055129	0.0737325963226624	-0.278799656261781	-0.158721245947882	0.239513661261785	0.161524568293447	0.642677619192264	0.0707369918334269	0.133025364938754	1	-0.0190693884257349	0.342729493762594	-0.0827072845447157	-0.278238361423577	0.667755637581879	-0.0704604171552207	0.31487088513567	0.0520943607741599	-0.0186554227577046	-0.272446941660564	0.199940207911887	0.614597472697065	0.292705101722522	0.640143947183373	0.536407614868787	-0.0631810923749209	0.590235011577045	-0.0541129267424877	0.643700359004168	0.538161817642037	-0.00764557356177836	0.318216186820142	0.499480200255203	0.603172008887934	0.530454396410534	-0.191706131849589	-0.0562629532698365	0.059591513090376	0.0949902792027551	0.176260485543761	0.0673516451451693	0.246642025330209	-0.0493752124032022	-0.0695451364682396	-0.108268587267553	0.0270448296710055	-0.276757548009358	0.07333683710721	-0.232025047893433	-0.402412332380579	0.291303498251101	0.322636624163921	0.271865331288758	-0.324517295963148	-0.208838497804108	-0.204396091581437	-0.240915284995558	-0.189787557997976	-0.161501553167658	-0.16807796356502	0.384785991688066	0.362456836142679
0.901304112670176	0.741476821533595	0.0089411650858761	-0.248017916659317	0.456267021492388	0.247550135850833	0.51667833392566	0.13879528823456	-0.529629970633172	0.537037345418393	-0.132753598574291	-0.0190693884257349	1	0.113315675314328	0.38194137494507	0.792121609014442	-0.370922060082974	0.769589977228543	-0.584375039300048	-0.097839733286746	0.906772423010391	0.6294605187549	0.151508765586364	-0.26385305415409	-0.0981272269657169	-0.309359762826997	-0.222400276722082	0.597795621165751	-0.0302452939502111	0.486637383375194	-0.409459588649637	-0.307529465598412	-0.417287020335878	-0.114451132590806	-0.241541333680621	-0.0844502796353647	-0.254020409799417	0.902255448818149	0.754245976818417	0.692955472963433	0.693138144943851	0.609909619965174	0.674772032436455	0.511549432605485	0.717494124262989	0.785984692376352	0.718365576457899	0.722321840262208	0.82748070422456	0.693979515842157	0.606191649935686	-0.0557655114944605	0.383347176593665	0.346717458392934	0.156803280078061	0.234828719174626	0.874377147316699	0.307607189358348	0.522780518841293	0.401883005541869	0.552469860436044	0.832960043679157	-0.529503496583128	-0.590969455173619
-0.0029456596549969	0.286249799164712	0.0804065370311149	0.195852027446851	-0.0913204859686204	-0.109290960393167	0.0697400497079623	0.0557950349444002	0.480823843736755	0.145932823902253	-0.0190419334297079	0.342729493762594	0.113315675314328	1	-0.0852440227020205	-0.121824989446957	0.429571604796385	-0.00710300514944356	0.498980906583648	0.528410102764156	0.0905731187800933	0.125876578458708	0.629348310561713	0.401315474682866	-0.0333972634876364	0.667231969688929	0.272486200004835	0.105752455902886	0.342129111540632	-0.0233746111280579	0.357590886206784	0.353508449666549	0.290275447087277	0.228735126032717	0.327465624310662	0.688125269691801	0.50498211297599	0.0337914692566445	0.0478385775347197	0.0176878685038061	-0.0112577322826503	0.0946235813312891	-0.0186756168564346	0.0149298963534449	-0.0589703381721334	0.101152880572991	0.0188257319761515	0.351567300638439	0.12647276125575	0.373355786513219	0.21746475532191	-0.378908795465407	0.569674015526262	0.553679744081554	0.63460123421045	-0.0722284198094386	-0.0170978905301469	-0.0593821940700415	-0.00573077813895761	0.0191264348989998	0.244309618502012	0.127542323006794	0.527820849632666	0.291944643098453
0.516259166341945	0.237903688212003	0.192766868778395	0.297702350545726	0.419988842227097	0.297007313171217	0.391198852955869	-0.11627129505553	-0.422748901670774	-0.118656425755638	0.255802166129965	-0.0827072845447157	0.38194137494507	-0.0852440227020205	1	0.0989209694758385	0.0578517678267754	0.786679985302207	-0.55445334882292	0.0649953349743501	0.14876970727074	0.736782002713648	-0.0731105291881974	-0.0440858844642315	0.177490086846605	-0.265359440041005	0.0280346388616572	0.644769023662536	-0.33008919778001	-0.133784258194509	-0.271969165594537	0.0106526857441191	-0.57115556646068	-0.0850357264176448	-0.59853327624314	-0.121532399576155	-0.371250168211865	0.367470148444554	0.160664330210444	-0.0405158056485791	-0.00413019846757441	-0.118472601707982	-0.055777463617861	-0.169422140298772	0.0549418547453937	0.21439113223786	0.223428082995267	0.13903983871276	0.194848390327265	0.111787268956237	0.5337471722307	0.619806309811749	0.366571510862208	0.307809068337297	0.235631046212574	0.577328553997967	0.46018252115979	0.649313893311796	0.573752718298221	0.576716026189578	0.285443254460439	0.384207597416075	-0.298308850511157	-0.546747597670263
0.652441654792603	0.70396094763836	0.158800061343716	-0.273193925332043	0.51662525120905	0.444614352579784	0.480402751785727	0.351916268639022	-0.446995515013106	0.694385058531456	0.0845248444214453	-0.278238361423577	0.792121609014442	-0.121824989446957	0.0989209694758385	1	-0.66161724375501	0.419892544503229	-0.510861754474611	-0.0486813980732748	0.766965063510067	0.401037526202183	0.00772829963071293	-0.204070777834056	0.0569839034035243	-0.385262192406949	-0.125703694953217	0.217702326399234	0.0914363921095026	0.72966575406801	-0.478403741580927	-0.322171626546272	-0.439840177785855	-0.0499441500086063	-0.324780886755779	-0.14929705776652	-0.334631512368248	0.671891337480992	0.793525248819146	0.746526588889161	0.716235552954262	0.633408689301967	0.738860184168629	0.580559151679497	0.784371990874681	0.793865912040678	0.779200625937668	0.670497997196626	0.742160839850535	0.650740791303601	0.295679861985981	-0.204235670270891	0.261507547911267	0.266351576405657	0.0778103588990073	-0.0740883570083398	0.624884365921558	-0.0610587799404178	0.1704410851443	0.0220010032014448	0.214818343035668	0.534755648036915	-0.376171056967971	-0.341435231594921
-0.449952304350235	-0.171357847856175	0.209691234361879	0.401119703210496	-0.298366643685701	-0.220091734553317	-0.00402727923299674	0.0366028760200684	0.69057525711444	-0.413284519054951	0.195941239595931	0.667755637581879	-0.370922060082974	0.429571604796385	0.0578517678267754	-0.66161724375501	1	-0.0792219888822274	0.570790648442144	0.210384744178059	-0.430485150503432	-0.0519169627661284	0.358931072765025	0.625968862822797	0.262520000419897	0.693291972603518	0.534469726613256	-0.0870471673093434	0.361779540223465	-0.405524007421769	0.675732905615608	0.587315030619545	0.175858264025717	0.337217787912317	0.424274747116942	0.595815006459459	0.546550656268141	-0.430768048405446	-0.394099189132169	-0.409385950193555	-0.394003500368162	-0.354340936897963	-0.409480273262688	-0.253492460190425	-0.475529145032699	-0.372158156168077	-0.381128557499834	-0.196155866686289	-0.537924257866543	-0.155861468609024	-0.0751668696749805	-0.209180156280586	0.4198647960868	0.422325992974807	0.514484623475994	-0.0425733170914841	-0.405347982724229	-0.0548480726108628	-0.205460803319988	-0.0851478490418417	-0.137443695516604	-0.299979513466047	0.471810752109475	0.428041872755555
0.854546572728851	0.421163763297532	-0.0205358755417191	0.0846326794659262	0.389900617870784	0.155909677362353	0.339292087820215	-0.102773789482873	-0.57248479087967	0.0100322320391316	0.0221617740465009	-0.0704604171552207	0.769589977228543	-0.00710300514944356	0.786679985302207	0.419892544503229	-0.0792219888822274	1	-0.58920304965182	-0.193132431533077	0.555919171701542	0.845974513720888	0.191946511341128	-0.2090516006645	-0.0221938403010655	-0.306390391860005	-0.157803063955371	0.854228772421494	-0.19946941538589	0.0640406253242455	-0.276096978316663	-0.0818332685179761	-0.549795843659731	-0.252415142578551	-0.337338492660795	-0.155712648916013	-0.253031624485069	0.771119375669951	0.361147902796912	0.184246811298046	0.20286873838585	0.084359196568626	0.171678501496515	0.0338151992581585	0.264999732758686	0.421300463929637	0.38129561984159	0.362710105599735	0.494979737110369	0.327895957061588	0.687482223780022	0.302004379450896	0.370143040094101	0.295977355279039	0.216250355740679	0.546314745494066	0.802045474322199	0.652404873646197	0.707996714694622	0.676586852695313	0.584383863627937	0.803606274871146	-0.527027291022509	-0.651652480906825
-0.655352616133438	-0.379163036945491	-0.0343184452197935	0.126743030203105	-0.527797165705443	-0.423504587868276	-0.45339709422846	0.0157674131493238	0.806646860714627	-0.284062969396432	0.192076517353789	0.31487088513567	-0.584375039300048	0.498980906583648	-0.55445334882292	-0.510861754474611	0.570790648442144	-0.58920304965182	1	0.150771995913229	-0.541384382882494	-0.45612801618211	0.482220411926021	0.594962921741866	0.141654396591201	0.778164919139062	0.47220152697699	-0.303995796478173	0.618380898723405	-0.0585551114078386	0.680274922773012	0.536190959834446	0.410120872354429	0.133845428894411	0.715500983388839	0.508498872869834	0.800573346070008	-0.578904889287283	-0.53741926235111	-0.459913009855908	-0.504883275053903	-0.371284192526109	-0.473695522897863	-0.280349008857821	-0.550742565222091	-0.533032173941818	-0.558901645399973	-0.349402200560052	-0.551675637077109	-0.312341976644399	-0.35834471749359	-0.419825940189595	0.124856475574724	0.135447501721998	0.40127964822075	-0.301405836699521	-0.635352189279548	-0.347580512566848	-0.438843875011785	-0.326778063227592	-0.203668698809861	-0.437347456293616	0.699428302061018	0.830244199140447
-0.255906975217731	0.316445921051038	0.644939158306308	0.339166948293538	0.410358495521992	0.418181304661361	0.486088796214086	0.468336770427661	0.377376055569753	0.375354844089219	0.405687034251602	0.0520943607741599	-0.097839733286746	0.528410102764156	0.0649953349743501	-0.0486813980732748	0.210384744178059	-0.193132431533077	0.150771995913229	1	-0.126497245589833	0.106434990534312	0.0553195339713164	0.396867369784087	0.343613510700836	0.248651954146615	0.399649138358784	-0.33590466929462	-0.0220300780456206	0.0127860563082589	-0.0376816897128865	-0.00624683650409528	0.220396733666926	0.535011724657023	-0.369000882123777	0.347607433008775	-0.225624299756636	-0.336595946577621	0.243022029929524	0.141859239091404	0.127964158497276	0.214772119066455	0.146015734564565	0.201071625225617	0.144776887542674	0.235236912831227	0.308704218854161	0.319955928652647	-0.0472456353099599	0.354657500784295	-0.118704315940175	-0.223644920869059	0.379938135984284	0.444358266918782	0.27708000978901	-0.325876504544661	-0.338833221901358	-0.39470943322909	-0.408522598965195	-0.431414657372413	-0.3719592733301	-0.383442196824301	0.371063898429765	0.213067068153313
0.794551487185141	0.730048344140368	-0.0206573912137194	-0.23141448661767	0.410884908577431	0.325423074221957	0.463198383711409	0.238141781927422	-0.491662150738545	0.610767417067566	-0.278568043664225	-0.0186554227577046	0.906772423010391	0.0905731187800933	0.14876970727074	0.766965063510067	-0.430485150503432	0.555919171701542	-0.541384382882494	-0.126497245589833	1	0.467164103085944	0.204897134989634	-0.306164313408879	-0.0857427771792339	-0.388525588719945	-0.247830770591328	0.373463793154064	-0.0558439924817069	0.420526338534793	-0.376206005351246	-0.330295240153432	-0.344612834147955	-0.0273422857524221	-0.123282928034624	-0.109444940310692	-0.192653193055749	0.823422568070334	0.786543698575081	0.775933243762948	0.780323558355761	0.739668835393364	0.775146009473628	0.669283068866152	0.793735331612497	0.797123207620421	0.731096705499732	0.735901724313179	0.862291782659227	0.706640176154364	0.518272789417643	-0.0774651847638567	0.257144729985393	0.237092450743311	0.0468416595410191	0.149667048839635	0.782379756117546	0.150732694025127	0.389424090110165	0.247955538863432	0.473746362444853	0.728616910424803	-0.441099173120913	-0.43677375293889
0.69579237362653	0.575312497717275	0.275175023450017	0.325683514016807	0.65863817196627	0.445776632911781	0.465259022508106	0.21576180603794	-0.429234593746288	0.143976307515923	0.213884248430679	-0.272446941660564	0.6294605187549	0.125876578458708	0.736782002713648	0.401037526202183	-0.0519169627661284	0.845974513720888	-0.45612801618211	0.106434990534312	0.467164103085944	1	0.29793749522136	-0.062272187251972	0.210224204536868	-0.32952462323877	0.0266994206381661	0.637638725080203	-0.247837403977511	0.0615109150772538	-0.3287512555248	-0.0961690760824152	-0.385495579617156	-0.0449459193757458	-0.461290363024661	-0.0274288449841469	-0.304195242420395	0.555534062683756	0.465942987624688	0.207115233719322	0.202934807786158	0.0795597398105884	0.153214422086859	0.0587228337383067	0.326110942845312	0.533133567185719	0.528808239058324	0.529048438294483	0.548819164286164	0.496511004918961	0.758493557319911	0.302389569739357	0.547149442123589	0.490580120259638	0.38848826343047	0.538250501243828	0.586131908805054	0.524820151681153	0.587052075624996	0.529900375429464	0.52407706278741	0.576563604797872	-0.365034708552112	-0.511767836567095
0.143166365146669	0.0842155382700762	-0.0183902493418496	0.360123082714737	-0.171964312901283	-0.13039334303107	-0.175101658313271	0.107404480909462	0.342288110534349	-0.133933526753938	0.105932121597329	0.199940207911887	0.151508765586364	0.629348310561713	-0.0731105291881974	0.00772829963071293	0.358931072765025	0.191946511341128	0.482220411926021	0.0553195339713164	0.204897134989634	0.29793749522136	1	0.451575318858724	0.233993475867781	0.449552204538419	0.400322178925724	0.340600713505358	0.482876603836737	-0.123092499791823	0.571882678194732	0.576619575681157	-0.157546342389928	0.118201816980518	0.466817646542088	0.486866985496121	0.649368110489674	0.100257795035898	-0.116283905023703	-0.210363449642306	-0.238226487999402	-0.175372203975477	-0.22114637491231	-0.109396471964394	-0.212270324033162	-0.0643081400191429	-0.12378993994995	0.104814479916696	0.00687409144390968	0.1114821988911	0.269754253200862	-0.227226743031272	0.420666278817689	0.369842815067595	0.610190535131353	0.118315896491549	0.0304851225116652	0.11476526771459	0.138577666396131	0.181481979912456	0.359056899023944	0.286915338706461	0.450586339882057	0.4557850087019
-0.510863395785928	0.0263822467876692	0.63078645993829	0.506752302638711	-0.0189829246188314	0.17000266412797	0.230525300848431	0.498384660671654	0.859348020374868	0.0707662613739703	0.738901818099496	0.614597472697065	-0.26385305415409	0.401315474682866	-0.0440858844642315	-0.204070777834056	0.625968862822797	-0.2090516006645	0.594962921741866	0.396867369784087	-0.306164313408879	-0.062272187251972	0.451575318858724	1	0.77379066760884	0.717679826687608	0.975967323884715	-0.163241745088477	0.776228506166005	0.0619817975819143	0.721248660220935	0.74541142685913	-0.101442168348643	0.518472584922757	0.280968376858739	0.69452347126687	0.525243573529147	-0.53920515504439	-0.135969727560288	-0.176040943444796	-0.191214962102501	-0.116918624726333	-0.206370863319016	0.0374105515446053	-0.208997395076954	-0.138324013064382	-0.0992030373422772	-0.0315358787898779	-0.444766981873806	0.0186652511254588	-0.286934210309501	-0.360529244955427	0.481276504841199	0.52032333005913	0.581249516043053	-0.383633088971703	-0.568745939744226	-0.340108535976471	-0.43615720163913	-0.371739916313729	-0.35305643764548	-0.469362537929957	0.698641525482994	0.745865495402327
-0.305262809198997	0.196929727589802	0.841674018292066	0.53994521305056	0.443815367875627	0.565817221448362	0.487765161364021	0.769548671980186	0.472819462327247	0.270195689392968	0.851433502700333	0.292705101722522	-0.0981272269657169	-0.0333972634876364	0.177490086846605	0.0569839034035243	0.262520000419897	-0.0221938403010655	0.141654396591201	0.343613510700836	-0.0857427771792339	0.210224204536868	0.233993475867781	0.77379066760884	1	0.114249302773536	0.89321989099421	-0.135696353721794	0.422002401204981	0.0963619139045579	0.329825931953523	0.443537428323992	-0.334960035465927	0.493514967644013	-0.140121291166779	0.323845791037151	0.0622571848687234	-0.420817460572006	0.161845555990478	0.0423049676769845	0.0468422797139006	0.0696977672931721	0.0252395332703225	0.26851569048829	0.108669881942808	0.138837848534902	0.239598846438503	0.105116145729409	-0.225946719636607	0.136406167083252	-0.20975806727144	-0.0588835388445812	0.346898752398276	0.401467470495354	0.306684529569863	-0.262995700951358	-0.427687142239116	-0.281885391991339	-0.356126612194094	-0.363803605830967	-0.414039550709026	-0.439708095717571	0.360175489316873	0.472877470506264
-0.46886656335142	-0.176040838896953	0.0661136738592596	0.204806441409079	-0.515917377425966	-0.352581290704349	-0.174720351337028	-0.0631101275783991	0.829012189026061	-0.185908308301045	0.223763949230449	0.640143947183373	-0.309359762826997	0.667231969688929	-0.265359440041005	-0.385262192406949	0.693291972603518	-0.306390391860005	0.778164919139062	0.248651954146615	-0.388525588719945	-0.32952462323877	0.449552204538419	0.717679826687608	0.114249302773536	1	0.54870806764155	-0.11013181841376	0.751166872088466	-0.010516904358138	0.767677037484733	0.680201191775836	0.213618113173039	0.271915651580394	0.593174618407025	0.732341215806739	0.753206712449665	-0.386365059702432	-0.391883469458703	-0.323722413384262	-0.352701630022247	-0.260574723605132	-0.352745946324133	-0.23692564721813	-0.448098957201819	-0.370477667523693	-0.419208037458777	-0.165457584343671	-0.450014447964517	-0.121106683564434	-0.221071148078151	-0.500688192260043	0.371749669412222	0.373393348373532	0.572548812362446	-0.314398221888917	-0.42501642353713	-0.225803990492799	-0.295365521609416	-0.185714396553717	-0.101053254039594	-0.256401113384845	0.700615631995987	0.651108301546148
-0.469050030257168	0.0855679725365725	0.737106617514402	0.544389062340014	0.138580993421705	0.314762360511137	0.330755370481348	0.618882965539139	0.773105124432881	0.143158039784125	0.817658513562889	0.536407614868787	-0.222400276722082	0.272486200004835	0.0280346388616572	-0.125703694953217	0.534469726613256	-0.157803063955371	0.47220152697699	0.399649138358784	-0.247830770591328	0.0266994206381661	0.400322178925724	0.975967323884715	0.89321989099421	0.54870806764155	1	-0.164139464873138	0.696366132488844	0.0780862828084356	0.625016968510518	0.680690111861106	-0.186338976234737	0.53709716944804	0.152251846791824	0.603340880463957	0.394473225961594	-0.528688212136015	-0.0413757652784202	-0.110575658497296	-0.119925465547222	-0.059075762987038	-0.137996887057372	0.11922889903229	-0.11117172746839	-0.051126941049502	0.0114328799787663	0.0128487677869469	-0.394199608710806	0.059252380766844	-0.276634387199738	-0.276532928264471	0.459863148315582	0.506464128797969	0.517131628869385	-0.363219320518191	-0.552046517933423	-0.3393057140877	-0.433109693319481	-0.389983948280418	-0.393694284175176	-0.485685806850429	0.619538930843026	0.6930570978465
0.760022374601808	0.079061510279279	-0.307905151516616	0.0125396036737644	0.0452520383482817	-0.199903188617186	-0.0594123753521394	-0.385464371895601	-0.475131541374238	-0.207971477494756	-0.0293707075398919	-0.0631810923749209	0.597795621165751	0.105752455902886	0.644769023662536	0.217702326399234	-0.0870471673093434	0.854228772421494	-0.303995796478173	-0.33590466929462	0.373463793154064	0.637638725080203	0.340600713505358	-0.163241745088477	-0.135696353721794	-0.11013181841376	-0.164139464873138	1	-0.0485168907162465	0.00113989197755351	-0.0689364133237145	0.061984698924857	-0.479929988615985	-0.429273118601296	-0.0831091302719975	-0.165901340237597	0.0290657331666456	0.66858999486195	0.0050740487623022	-0.116356434105765	-0.106959680746956	-0.166053251694898	-0.14441621052722	-0.235134920284615	-0.0586543395419313	0.0737060632644001	-0.000338803434946432	0.0467871710497409	0.308825937677864	0.00681191745138297	0.606897225493193	0.392235262711761	0.16065903210714	0.0548506629749077	0.16973462200447	0.614955845394953	0.674408425001999	0.787240505931572	0.795982848291606	0.818989298434852	0.697609218995063	0.793828503746145	-0.378650594427857	-0.459782830052502
-0.297602601338252	0.0335211708843527	0.220683257353715	0.13131094929471	-0.283012517688583	-0.0924108229138702	-0.0143062263815152	0.271861213447147	0.710936740425372	0.129078588942043	0.441293928009548	0.590235011577045	-0.0302452939502111	0.342129111540632	-0.33008919778001	0.0914363921095026	0.361779540223465	-0.19946941538589	0.618380898723405	-0.0220300780456206	-0.0558439924817069	-0.247837403977511	0.482876603836737	0.776228506166005	0.422002401204981	0.751166872088466	0.696366132488844	-0.0485168907162465	1	0.388140325242313	0.710224778021217	0.670807923843481	-0.109135927040331	0.281917369110597	0.573952203315038	0.602221377047986	0.716896542493616	-0.206308557118185	-0.0839209983627528	-0.00740511320161045	-0.0456121565997781	0.010826202846888	-0.0375608154806787	0.112588405599071	-0.0983042144904111	-0.0872682442276493	-0.118133518968217	2.88663706739172e-08	-0.234063725879221	0.0376738040352527	-0.284165462824193	-0.589826627884909	0.358315259855767	0.376041822753727	0.516479143397831	-0.461781422211542	-0.284943060643804	-0.359002082863135	-0.347183561210762	-0.30148484552264	-0.154850481764526	-0.144822890813079	0.54362034459443	0.706106738355454
0.254360790927988	0.531326798025047	0.186194672174552	-0.455447131910669	0.292307493898671	0.224387057240139	0.405319527932825	0.361182005308019	-0.0845932272381901	0.686808170617196	0.2784070234206	-0.0541129267424877	0.486637383375194	-0.0233746111280579	-0.133784258194509	0.72966575406801	-0.405524007421769	0.0640406253242455	-0.0585551114078386	0.0127860563082589	0.420526338534793	0.0615109150772538	-0.123092499791823	0.0619817975819143	0.0963619139045579	-0.010516904358138	0.0780862828084356	0.00113989197755351	0.388140325242313	1	-0.369806486614171	-0.320309596535759	-0.183420784330617	-0.137888647673969	0.0170160862445268	-0.095905645934912	-0.0490847979709497	0.361098020860223	0.601117092935319	0.662189489578704	0.602516978068515	0.599695645690242	0.617520210693043	0.588954412986602	0.638761583864516	0.584058709086358	0.560893623114827	0.476907815489577	0.495351010843361	0.469821897271392	0.121864851125412	-0.329068402541014	0.266742760726174	0.288712499264208	0.128756322341827	-0.20045255256576	0.315245764040321	-0.207506173389986	-0.0359960262598723	-0.133800326980695	0.0837468260343212	0.230834381634502	-0.260352859615986	-0.0491863391806104
-0.505938259715341	-0.390313159823448	0.061118106629577	0.455222901903088	-0.531292878507209	-0.290911582111369	-0.339797917228746	-0.00683530812468583	0.783871349961507	-0.394456302852604	0.205069726997692	0.643700359004168	-0.409459588649637	0.357590886206784	-0.271969165594537	-0.478403741580927	0.675732905615608	-0.276096978316663	0.680274922773012	-0.0376816897128865	-0.376206005351246	-0.3287512555248	0.571882678194732	0.721248660220935	0.329825931953523	0.767677037484733	0.625016968510518	-0.0689364133237145	0.710224778021217	-0.369806486614171	1	0.889960217625272	0.0625015990981418	0.395367238314858	0.587150733037475	0.659855242643671	0.757361290090524	-0.493712311222994	-0.552083683826392	-0.508490316856029	-0.501648352297961	-0.438558400339376	-0.505107639254081	-0.326416552273806	-0.58671602495157	-0.54633326795567	-0.559355966545799	-0.377634858985071	-0.62123819204792	-0.334199664287612	-0.391021091947568	-0.359209947497793	0.12210072884091	0.124683420863495	0.387560919658289	-0.322624788586672	-0.541071832979383	-0.215534236858393	-0.331528317139683	-0.211150121240718	-0.218695187240722	-0.331073571734041	0.725198495649926	0.753624986835607
-0.374163638000427	-0.22292949012206	0.178537781097161	0.55745857250918	-0.333591378360858	-0.089356804069518	-0.198517650645689	0.0352287659795062	0.690649211522639	-0.336169545801375	0.365856591938468	0.538161817642037	-0.307529465598412	0.353508449666549	0.0106526857441191	-0.322171626546272	0.587315030619545	-0.0818332685179761	0.536190959834446	-0.00624683650409528	-0.330295240153432	-0.0961690760824152	0.576619575681157	0.74541142685913	0.443537428323992	0.680201191775836	0.680690111861106	0.061984698924857	0.670807923843481	-0.320309596535759	0.889960217625272	1	-0.164946662166214	0.313875073248584	0.401554169529004	0.725112237100619	0.709417145141935	-0.369785242585639	-0.429556460576203	-0.470136051634529	-0.464210914643376	-0.4319308388578	-0.465730679378973	-0.338316634863813	-0.513300055785057	-0.40022940826082	-0.41611115458218	-0.244710014417925	-0.502593122978977	-0.20606713225532	-0.278414690896541	-0.232846229008897	0.340929763615624	0.333949292938662	0.575459588015658	-0.233486293158197	-0.394866476687174	-0.123194441643497	-0.242157648179622	-0.133618594221142	-0.202229344381697	-0.233382280629469	0.790562813677911	0.659305867168052
-0.476912267207921	-0.138974894908753	-0.067191000941749	0.00451234884182859	-0.0933132863364198	-0.150060727989624	-0.243500825120899	0.00677743420671508	0.319198341201311	-0.00482191382011705	-0.301836700194045	-0.00764557356177836	-0.417287020335878	0.290275447087277	-0.57115556646068	-0.439840177785855	0.175858264025717	-0.549795843659731	0.410120872354429	0.220396733666926	-0.344612834147955	-0.385495579617156	-0.157546342389928	-0.101442168348643	-0.334960035465927	0.213618113173039	-0.186338976234737	-0.479929988615985	-0.109135927040331	-0.183420784330617	0.0625015990981418	-0.164946662166214	1	0.126375250412629	0.259328736201361	0.156861266371374	0.0845826359869104	-0.365620363711063	-0.157736202086628	-0.0660850312059502	-0.0880137704491356	-0.0212749823832994	-0.104955225179708	-0.0595171684921576	-0.13702380590347	-0.173881567335489	-0.17412382713753	-0.00569891230763185	-0.101414743677785	0.0127794506322951	-0.313114547946595	-0.397759380528728	-0.206294511441137	-0.155775672826869	-0.18887404061604	-0.37777095371218	-0.401870542309625	-0.424075426767586	-0.40775277100641	-0.3862845290648	-0.201167050272347	-0.392263240388593	0.122969686145774	0.145989541204397
